
DET_FLUX_2G = [
    1    1    1    1     1     1     1    1    1    1  8.44586E+13 0.00189 
    2    2    1    1     1     1     1    1    1    1  7.12558E+14 0.00208 
];


DET_FLUX_2GE = [
 1.10000E-11  6.25000E-07  3.12506E-07
 6.25000E-07  1.96400E+01  9.82000E+00
];

DET_PIN_A = [
    1    1    1    1     1     1     1    1    1    1  6.66069E+14 0.00276 
    2    1    1    1     1     1     2    1    1    1  1.96615E+13 0.00278 
    3    1    1    1     1     1     3    1    1    1  5.73924E+15 0.00322 
    4    1    1    1     1     1     4    1    1    1  3.72821E+15 0.00263 
    5    1    1    1     1     1     5    1    1    1  3.81836E+15 0.00286 
    6    1    1    1     1     1     6    1    1    1  1.92680E+08 0.00279 
    7    1    1    1     1     1     7    1    1    1  1.03627E+16 0.00276 
    8    1    1    1     1     1     8    1    1    1  1.01319E+16 0.00259 
    9    2    1    1     1     1     1    1    1    1  5.27651E+14 0.00517 
   10    2    1    1     1     1     2    1    1    1  8.18282E+13 0.00462 
   11    2    1    1     1     1     3    1    1    1  6.79344E+14 0.00735 
   12    2    1    1     1     1     4    1    1    1  6.68451E+14 0.00929 
   13    2    1    1     1     1     5    1    1    1  1.08211E+15 0.00398 
   14    2    1    1     1     1     6    1    1    1  1.40352E+13 0.00414 
   15    2    1    1     1     1     7    1    1    1  1.16301E+15 0.00533 
   16    2    1    1     1     1     8    1    1    1  2.10060E+15 0.00503 
];


DET_PIN_AE = [
 1.10000E-11  6.25000E-07  3.12506E-07
 6.25000E-07  1.96400E+01  9.82000E+00
];

DET_PIN_B = [
    1    1    1    1     1     1     1    1    1    1  4.14035E+14 0.00337 
    2    1    1    1     1     1     2    1    1    1  1.21981E+13 0.00334 
    3    1    1    1     1     1     3    1    1    1  3.58678E+15 0.00410 
    4    1    1    1     1     1     4    1    1    1  2.32694E+15 0.00343 
    5    1    1    1     1     1     5    1    1    1  2.37100E+15 0.00344 
    6    1    1    1     1     1     6    1    1    1  1.19541E+08 0.00335 
    7    1    1    1     1     1     7    1    1    1  6.46670E+15 0.00360 
    8    1    1    1     1     1     8    1    1    1  6.31139E+15 0.00335 
    9    2    1    1     1     1     1    1    1    1  3.22881E+14 0.00585 
   10    2    1    1     1     1     2    1    1    1  5.61489E+13 0.00556 
   11    2    1    1     1     1     3    1    1    1  4.16534E+14 0.00832 
   12    2    1    1     1     1     4    1    1    1  4.09939E+14 0.01105 
   13    2    1    1     1     1     5    1    1    1  6.60550E+14 0.00465 
   14    2    1    1     1     1     6    1    1    1  8.39409E+12 0.00528 
   15    2    1    1     1     1     7    1    1    1  7.10046E+14 0.00653 
   16    2    1    1     1     1     8    1    1    1  1.27536E+15 0.00568 
];


DET_PIN_BE = [
 1.10000E-11  6.25000E-07  3.12506E-07
 6.25000E-07  1.96400E+01  9.82000E+00
];

DET_PIN_C = [
    1    1    1    1     1     1     1    1    1    1  2.14805E+14 0.00493 
    2    1    1    1     1     1     2    1    1    1  6.30867E+12 0.00489 
    3    1    1    1     1     1     3    1    1    1  1.86204E+15 0.00551 
    4    1    1    1     1     1     4    1    1    1  1.20710E+15 0.00471 
    5    1    1    1     1     1     5    1    1    1  1.22896E+15 0.00503 
    6    1    1    1     1     1     6    1    1    1  6.18323E+07 0.00491 
    7    1    1    1     1     1     7    1    1    1  3.35607E+15 0.00495 
    8    1    1    1     1     1     8    1    1    1  3.26957E+15 0.00466 
    9    2    1    1     1     1     1    1    1    1  1.64816E+14 0.00791 
   10    2    1    1     1     1     2    1    1    1  3.78957E+13 0.00660 
   11    2    1    1     1     1     3    1    1    1  2.09881E+14 0.01096 
   12    2    1    1     1     1     4    1    1    1  2.08940E+14 0.01387 
   13    2    1    1     1     1     5    1    1    1  3.34940E+14 0.00599 
   14    2    1    1     1     1     6    1    1    1  4.11128E+12 0.00652 
   15    2    1    1     1     1     7    1    1    1  3.54496E+14 0.00810 
   16    2    1    1     1     1     8    1    1    1  6.52335E+14 0.00742 
];


DET_PIN_CE = [
 1.10000E-11  6.25000E-07  3.12506E-07
 6.25000E-07  1.96400E+01  9.82000E+00
];

DET_PIN_D = [
    1    1    1    1     1     1     1    1    1    1  7.21992E+13 0.00801 
    2    1    1    1     1     1     2    1    1    1  2.11691E+12 0.00794 
    3    1    1    1     1     1     3    1    1    1  6.25169E+14 0.00834 
    4    1    1    1     1     1     4    1    1    1  4.05447E+14 0.00760 
    5    1    1    1     1     1     5    1    1    1  4.12864E+14 0.00816 
    6    1    1    1     1     1     6    1    1    1  2.07489E+07 0.00796 
    7    1    1    1     1     1     7    1    1    1  1.12698E+15 0.00770 
    8    1    1    1     1     1     8    1    1    1  1.09686E+15 0.00757 
    9    2    1    1     1     1     1    1    1    1  5.56489E+13 0.01420 
   10    2    1    1     1     1     2    1    1    1  2.58809E+13 0.00927 
   11    2    1    1     1     1     3    1    1    1  7.12880E+13 0.01780 
   12    2    1    1     1     1     4    1    1    1  6.78504E+13 0.02426 
   13    2    1    1     1     1     5    1    1    1  1.12537E+14 0.01021 
   14    2    1    1     1     1     6    1    1    1  1.36795E+12 0.01192 
   15    2    1    1     1     1     7    1    1    1  1.19960E+14 0.01341 
   16    2    1    1     1     1     8    1    1    1  2.17676E+14 0.01168 
];


DET_PIN_DE = [
 1.10000E-11  6.25000E-07  3.12506E-07
 6.25000E-07  1.96400E+01  9.82000E+00
];
