
DET_FLUX_2G = [
    1    1    1    1     1     1     1    1    1    1  8.76137E+13 0.00169 
    2    2    1    1     1     1     1    1    1    1  6.34063E+14 0.00218 
];


DET_FLUX_2GE = [
 1.10000E-11  6.25000E-07  3.12506E-07
 6.25000E-07  1.96400E+01  9.82000E+00
];

DET_PIN_A = [
    1    1    1    1     1     1     1    1    1    1  6.92231E+14 0.00233 
    2    1    1    1     1     1     2    1    1    1  2.03495E+13 0.00235 
    3    1    1    1     1     1     3    1    1    1  6.21916E+15 0.00336 
    4    1    1    1     1     1     4    1    1    1  3.96661E+15 0.00256 
    5    1    1    1     1     1     5    1    1    1  3.95318E+15 0.00240 
    6    1    1    1     1     1     6    1    1    1  1.99408E+08 0.00235 
    7    1    1    1     1     1     7    1    1    1  1.11155E+16 0.00283 
    8    1    1    1     1     1     8    1    1    1  1.07224E+16 0.00245 
    9    2    1    1     1     1     1    1    1    1  4.64314E+14 0.00491 
   10    2    1    1     1     1     2    1    1    1  7.24091E+13 0.00465 
   11    2    1    1     1     1     3    1    1    1  6.22963E+14 0.00773 
   12    2    1    1     1     1     4    1    1    1  6.09489E+14 0.00935 
   13    2    1    1     1     1     5    1    1    1  9.78792E+14 0.00369 
   14    2    1    1     1     1     6    1    1    1  1.25613E+13 0.00453 
   15    2    1    1     1     1     7    1    1    1  1.05842E+15 0.00598 
   16    2    1    1     1     1     8    1    1    1  1.90046E+15 0.00519 
];


DET_PIN_AE = [
 1.10000E-11  6.25000E-07  3.12506E-07
 6.25000E-07  1.96400E+01  9.82000E+00
];

DET_PIN_B = [
    1    1    1    1     1     1     1    1    1    1  4.32601E+14 0.00332 
    2    1    1    1     1     1     2    1    1    1  1.26950E+13 0.00332 
    3    1    1    1     1     1     3    1    1    1  3.88406E+15 0.00439 
    4    1    1    1     1     1     4    1    1    1  2.48211E+15 0.00342 
    5    1    1    1     1     1     5    1    1    1  2.46847E+15 0.00340 
    6    1    1    1     1     1     6    1    1    1  1.24406E+08 0.00333 
    7    1    1    1     1     1     7    1    1    1  6.94064E+15 0.00383 
    8    1    1    1     1     1     8    1    1    1  6.70303E+15 0.00330 
    9    2    1    1     1     1     1    1    1    1  2.84906E+14 0.00611 
   10    2    1    1     1     1     2    1    1    1  5.00721E+13 0.00555 
   11    2    1    1     1     1     3    1    1    1  3.78492E+14 0.00890 
   12    2    1    1     1     1     4    1    1    1  3.70912E+14 0.01160 
   13    2    1    1     1     1     5    1    1    1  5.94170E+14 0.00456 
   14    2    1    1     1     1     6    1    1    1  7.37421E+12 0.00542 
   15    2    1    1     1     1     7    1    1    1  6.48276E+14 0.00705 
   16    2    1    1     1     1     8    1    1    1  1.15561E+15 0.00616 
];


DET_PIN_BE = [
 1.10000E-11  6.25000E-07  3.12506E-07
 6.25000E-07  1.96400E+01  9.82000E+00
];

DET_PIN_C = [
    1    1    1    1     1     1     1    1    1    1  2.22812E+14 0.00471 
    2    1    1    1     1     1     2    1    1    1  6.52574E+12 0.00465 
    3    1    1    1     1     1     3    1    1    1  1.97401E+15 0.00539 
    4    1    1    1     1     1     4    1    1    1  1.27085E+15 0.00462 
    5    1    1    1     1     1     5    1    1    1  1.27150E+15 0.00479 
    6    1    1    1     1     1     6    1    1    1  6.39612E+07 0.00467 
    7    1    1    1     1     1     7    1    1    1  3.53716E+15 0.00479 
    8    1    1    1     1     1     8    1    1    1  3.43511E+15 0.00449 
    9    2    1    1     1     1     1    1    1    1  1.44949E+14 0.00814 
   10    2    1    1     1     1     2    1    1    1  3.39679E+13 0.00687 
   11    2    1    1     1     1     3    1    1    1  1.93069E+14 0.01235 
   12    2    1    1     1     1     4    1    1    1  1.87887E+14 0.01523 
   13    2    1    1     1     1     5    1    1    1  2.99957E+14 0.00601 
   14    2    1    1     1     1     6    1    1    1  3.65606E+12 0.00684 
   15    2    1    1     1     1     7    1    1    1  3.27182E+14 0.00861 
   16    2    1    1     1     1     8    1    1    1  5.87844E+14 0.00760 
];


DET_PIN_CE = [
 1.10000E-11  6.25000E-07  3.12506E-07
 6.25000E-07  1.96400E+01  9.82000E+00
];

DET_PIN_D = [
    1    1    1    1     1     1     1    1    1    1  7.56526E+13 0.00712 
    2    1    1    1     1     1     2    1    1    1  2.21296E+12 0.00708 
    3    1    1    1     1     1     3    1    1    1  6.75045E+14 0.00839 
    4    1    1    1     1     1     4    1    1    1  4.33173E+14 0.00723 
    5    1    1    1     1     1     5    1    1    1  4.31453E+14 0.00724 
    6    1    1    1     1     1     6    1    1    1  2.16918E+07 0.00710 
    7    1    1    1     1     1     7    1    1    1  1.20750E+15 0.00753 
    8    1    1    1     1     1     8    1    1    1  1.17098E+15 0.00707 
    9    2    1    1     1     1     1    1    1    1  4.84499E+13 0.01366 
   10    2    1    1     1     1     2    1    1    1  2.34034E+13 0.00859 
   11    2    1    1     1     1     3    1    1    1  6.34499E+13 0.01947 
   12    2    1    1     1     1     4    1    1    1  6.05225E+13 0.02647 
   13    2    1    1     1     1     5    1    1    1  9.96309E+13 0.00917 
   14    2    1    1     1     1     6    1    1    1  1.25004E+12 0.01115 
   15    2    1    1     1     1     7    1    1    1  1.08047E+14 0.01410 
   16    2    1    1     1     1     8    1    1    1  1.95185E+14 0.01266 
];


DET_PIN_DE = [
 1.10000E-11  6.25000E-07  3.12506E-07
 6.25000E-07  1.96400E+01  9.82000E+00
];
