
DET_FLUX_2G = [
    1    1    1    1     1     1     1    1    1    1  8.37218E+13 0.00224 
    2    2    1    1     1     1     1    1    1    1  8.57802E+14 0.00215 
];


DET_FLUX_2GE = [
 1.10000E-11  6.25000E-07  3.12506E-07
 6.25000E-07  1.96400E+01  9.82000E+00
];

DET_PIN_A = [
    1    1    1    1     1     1     1    1    1    1  6.48802E+14 0.00339 
    2    1    1    1     1     1     2    1    1    1  1.92446E+13 0.00338 
    3    1    1    1     1     1     3    1    1    1  5.46710E+15 0.00328 
    4    1    1    1     1     1     4    1    1    1  3.58399E+15 0.00301 
    5    1    1    1     1     1     5    1    1    1  3.73061E+15 0.00351 
    6    1    1    1     1     1     6    1    1    1  1.88570E+08 0.00340 
    7    1    1    1     1     1     7    1    1    1  9.93140E+15 0.00291 
    8    1    1    1     1     1     8    1    1    1  9.76558E+15 0.00305 
    9    2    1    1     1     1     1    1    1    1  6.27462E+14 0.00572 
   10    2    1    1     1     1     2    1    1    1  9.84007E+13 0.00483 
   11    2    1    1     1     1     3    1    1    1  7.92994E+14 0.00686 
   12    2    1    1     1     1     4    1    1    1  7.79949E+14 0.00849 
   13    2    1    1     1     1     5    1    1    1  1.27414E+15 0.00440 
   14    2    1    1     1     1     6    1    1    1  1.72066E+13 0.00445 
   15    2    1    1     1     1     7    1    1    1  1.34638E+15 0.00525 
   16    2    1    1     1     1     8    1    1    1  2.43121E+15 0.00464 
];


DET_PIN_AE = [
 1.10000E-11  6.25000E-07  3.12506E-07
 6.25000E-07  1.96400E+01  9.82000E+00
];

DET_PIN_B = [
    1    1    1    1     1     1     1    1    1    1  4.05359E+14 0.00416 
    2    1    1    1     1     1     2    1    1    1  1.19998E+13 0.00410 
    3    1    1    1     1     1     3    1    1    1  3.45741E+15 0.00404 
    4    1    1    1     1     1     4    1    1    1  2.24810E+15 0.00372 
    5    1    1    1     1     1     5    1    1    1  2.32845E+15 0.00427 
    6    1    1    1     1     1     6    1    1    1  1.17583E+08 0.00412 
    7    1    1    1     1     1     7    1    1    1  6.26321E+15 0.00364 
    8    1    1    1     1     1     8    1    1    1  6.11258E+15 0.00378 
    9    2    1    1     1     1     1    1    1    1  3.87271E+14 0.00699 
   10    2    1    1     1     1     2    1    1    1  6.87591E+13 0.00557 
   11    2    1    1     1     1     3    1    1    1  4.82593E+14 0.00829 
   12    2    1    1     1     1     4    1    1    1  4.71307E+14 0.01002 
   13    2    1    1     1     1     5    1    1    1  7.76841E+14 0.00498 
   14    2    1    1     1     1     6    1    1    1  1.02161E+13 0.00528 
   15    2    1    1     1     1     7    1    1    1  8.18150E+14 0.00608 
   16    2    1    1     1     1     8    1    1    1  1.49173E+15 0.00531 
];


DET_PIN_BE = [
 1.10000E-11  6.25000E-07  3.12506E-07
 6.25000E-07  1.96400E+01  9.82000E+00
];

DET_PIN_C = [
    1    1    1    1     1     1     1    1    1    1  2.08282E+14 0.00533 
    2    1    1    1     1     1     2    1    1    1  6.14252E+12 0.00522 
    3    1    1    1     1     1     3    1    1    1  1.79000E+15 0.00577 
    4    1    1    1     1     1     4    1    1    1  1.15926E+15 0.00522 
    5    1    1    1     1     1     5    1    1    1  1.19437E+15 0.00540 
    6    1    1    1     1     1     6    1    1    1  6.01945E+07 0.00523 
    7    1    1    1     1     1     7    1    1    1  3.23595E+15 0.00524 
    8    1    1    1     1     1     8    1    1    1  3.14454E+15 0.00516 
    9    2    1    1     1     1     1    1    1    1  1.96972E+14 0.00870 
   10    2    1    1     1     1     2    1    1    1  4.68000E+13 0.00726 
   11    2    1    1     1     1     3    1    1    1  2.42112E+14 0.01000 
   12    2    1    1     1     1     4    1    1    1  2.41829E+14 0.01419 
   13    2    1    1     1     1     5    1    1    1  3.93566E+14 0.00652 
   14    2    1    1     1     1     6    1    1    1  5.09528E+12 0.00680 
   15    2    1    1     1     1     7    1    1    1  4.08417E+14 0.00790 
   16    2    1    1     1     1     8    1    1    1  7.61032E+14 0.00701 
];


DET_PIN_CE = [
 1.10000E-11  6.25000E-07  3.12506E-07
 6.25000E-07  1.96400E+01  9.82000E+00
];

DET_PIN_D = [
    1    1    1    1     1     1     1    1    1    1  7.10277E+13 0.00760 
    2    1    1    1     1     1     2    1    1    1  2.09199E+12 0.00751 
    3    1    1    1     1     1     3    1    1    1  6.10666E+14 0.00843 
    4    1    1    1     1     1     4    1    1    1  3.95891E+14 0.00738 
    5    1    1    1     1     1     5    1    1    1  4.07227E+14 0.00773 
    6    1    1    1     1     1     6    1    1    1  2.05026E+07 0.00753 
    7    1    1    1     1     1     7    1    1    1  1.10370E+15 0.00762 
    8    1    1    1     1     1     8    1    1    1  1.07376E+15 0.00730 
    9    2    1    1     1     1     1    1    1    1  6.61838E+13 0.01392 
   10    2    1    1     1     1     2    1    1    1  3.17473E+13 0.00970 
   11    2    1    1     1     1     3    1    1    1  7.92023E+13 0.01592 
   12    2    1    1     1     1     4    1    1    1  8.03177E+13 0.02176 
   13    2    1    1     1     1     5    1    1    1  1.30508E+14 0.01006 
   14    2    1    1     1     1     6    1    1    1  1.67642E+12 0.01041 
   15    2    1    1     1     1     7    1    1    1  1.34021E+14 0.01183 
   16    2    1    1     1     1     8    1    1    1  2.57796E+14 0.01077 
];


DET_PIN_DE = [
 1.10000E-11  6.25000E-07  3.12506E-07
 6.25000E-07  1.96400E+01  9.82000E+00
];
