
DET_FLUX_2G = [
    1    1    1    1     1     1     1    1    1    1  8.64691E+13 0.00168 
    2    2    1    1     1     1     1    1    1    1  6.48168E+14 0.00217 
];


DET_FLUX_2GE = [
 1.10000E-11  6.25000E-07  3.12506E-07
 6.25000E-07  1.96400E+01  9.82000E+00
];

DET_PIN_A = [
    1    1    1    1     1     1     1    1    1    1  6.82521E+14 0.00240 
    2    1    1    1     1     1     2    1    1    1  2.00743E+13 0.00241 
    3    1    1    1     1     1     3    1    1    1  6.06341E+15 0.00332 
    4    1    1    1     1     1     4    1    1    1  3.89121E+15 0.00248 
    5    1    1    1     1     1     5    1    1    1  3.90051E+15 0.00248 
    6    1    1    1     1     1     6    1    1    1  1.96722E+08 0.00242 
    7    1    1    1     1     1     7    1    1    1  1.08643E+16 0.00281 
    8    1    1    1     1     1     8    1    1    1  1.05346E+16 0.00237 
    9    2    1    1     1     1     1    1    1    1  4.80840E+14 0.00484 
   10    2    1    1     1     1     2    1    1    1  7.49429E+13 0.00478 
   11    2    1    1     1     1     3    1    1    1  6.33746E+14 0.00741 
   12    2    1    1     1     1     4    1    1    1  6.21311E+14 0.00879 
   13    2    1    1     1     1     5    1    1    1  1.00187E+15 0.00385 
   14    2    1    1     1     1     6    1    1    1  1.28896E+13 0.00451 
   15    2    1    1     1     1     7    1    1    1  1.07755E+15 0.00582 
   16    2    1    1     1     1     8    1    1    1  1.95181E+15 0.00505 
];


DET_PIN_AE = [
 1.10000E-11  6.25000E-07  3.12506E-07
 6.25000E-07  1.96400E+01  9.82000E+00
];

DET_PIN_B = [
    1    1    1    1     1     1     1    1    1    1  4.26940E+14 0.00306 
    2    1    1    1     1     1     2    1    1    1  1.25317E+13 0.00302 
    3    1    1    1     1     1     3    1    1    1  3.76814E+15 0.00390 
    4    1    1    1     1     1     4    1    1    1  2.42509E+15 0.00315 
    5    1    1    1     1     1     5    1    1    1  2.43938E+15 0.00313 
    6    1    1    1     1     1     6    1    1    1  1.22821E+08 0.00304 
    7    1    1    1     1     1     7    1    1    1  6.76112E+15 0.00338 
    8    1    1    1     1     1     8    1    1    1  6.56294E+15 0.00311 
    9    2    1    1     1     1     1    1    1    1  2.91543E+14 0.00601 
   10    2    1    1     1     1     2    1    1    1  5.14458E+13 0.00525 
   11    2    1    1     1     1     3    1    1    1  3.91959E+14 0.00897 
   12    2    1    1     1     1     4    1    1    1  3.75147E+14 0.01150 
   13    2    1    1     1     1     5    1    1    1  6.06003E+14 0.00448 
   14    2    1    1     1     1     6    1    1    1  7.63563E+12 0.00537 
   15    2    1    1     1     1     7    1    1    1  6.59324E+14 0.00681 
   16    2    1    1     1     1     8    1    1    1  1.17638E+15 0.00569 
];


DET_PIN_BE = [
 1.10000E-11  6.25000E-07  3.12506E-07
 6.25000E-07  1.96400E+01  9.82000E+00
];

DET_PIN_C = [
    1    1    1    1     1     1     1    1    1    1  2.20899E+14 0.00454 
    2    1    1    1     1     1     2    1    1    1  6.47316E+12 0.00452 
    3    1    1    1     1     1     3    1    1    1  1.95551E+15 0.00573 
    4    1    1    1     1     1     4    1    1    1  1.25654E+15 0.00470 
    5    1    1    1     1     1     5    1    1    1  1.26110E+15 0.00462 
    6    1    1    1     1     1     6    1    1    1  6.34412E+07 0.00453 
    7    1    1    1     1     1     7    1    1    1  3.50635E+15 0.00509 
    8    1    1    1     1     1     8    1    1    1  3.39352E+15 0.00456 
    9    2    1    1     1     1     1    1    1    1  1.50375E+14 0.00790 
   10    2    1    1     1     1     2    1    1    1  3.47992E+13 0.00678 
   11    2    1    1     1     1     3    1    1    1  1.96568E+14 0.01080 
   12    2    1    1     1     1     4    1    1    1  1.95276E+14 0.01563 
   13    2    1    1     1     1     5    1    1    1  3.09466E+14 0.00593 
   14    2    1    1     1     1     6    1    1    1  3.73950E+12 0.00670 
   15    2    1    1     1     1     7    1    1    1  3.29964E+14 0.00805 
   16    2    1    1     1     1     8    1    1    1  6.06876E+14 0.00751 
];


DET_PIN_CE = [
 1.10000E-11  6.25000E-07  3.12506E-07
 6.25000E-07  1.96400E+01  9.82000E+00
];

DET_PIN_D = [
    1    1    1    1     1     1     1    1    1    1  7.45397E+13 0.00722 
    2    1    1    1     1     1     2    1    1    1  2.18311E+12 0.00717 
    3    1    1    1     1     1     3    1    1    1  6.53720E+14 0.00833 
    4    1    1    1     1     1     4    1    1    1  4.20814E+14 0.00731 
    5    1    1    1     1     1     5    1    1    1  4.25796E+14 0.00734 
    6    1    1    1     1     1     6    1    1    1  2.13979E+07 0.00719 
    7    1    1    1     1     1     7    1    1    1  1.17494E+15 0.00754 
    8    1    1    1     1     1     8    1    1    1  1.13737E+15 0.00721 
    9    2    1    1     1     1     1    1    1    1  5.04381E+13 0.01306 
   10    2    1    1     1     1     2    1    1    1  2.38365E+13 0.00992 
   11    2    1    1     1     1     3    1    1    1  6.44148E+13 0.01850 
   12    2    1    1     1     1     4    1    1    1  6.68843E+13 0.02626 
   13    2    1    1     1     1     5    1    1    1  1.04049E+14 0.00911 
   14    2    1    1     1     1     6    1    1    1  1.28057E+12 0.01107 
   15    2    1    1     1     1     7    1    1    1  1.11663E+14 0.01379 
   16    2    1    1     1     1     8    1    1    1  2.06340E+14 0.01232 
];


DET_PIN_DE = [
 1.10000E-11  6.25000E-07  3.12506E-07
 6.25000E-07  1.96400E+01  9.82000E+00
];
