
DET_FLUX_2G = [
    1    1    1    1     1     1     1    1    1    1  8.70710E+13 0.00176 
    2    2    1    1     1     1     1    1    1    1  6.39378E+14 0.00213 
];


DET_FLUX_2GE = [
 1.10000E-11  6.25000E-07  3.12506E-07
 6.25000E-07  1.96400E+01  9.82000E+00
];

DET_PIN_A = [
    1    1    1    1     1     1     1    1    1    1  6.90135E+14 0.00245 
    2    1    1    1     1     1     2    1    1    1  2.02978E+13 0.00245 
    3    1    1    1     1     1     3    1    1    1  6.16641E+15 0.00353 
    4    1    1    1     1     1     4    1    1    1  3.94548E+15 0.00268 
    5    1    1    1     1     1     5    1    1    1  3.94304E+15 0.00252 
    6    1    1    1     1     1     6    1    1    1  1.98905E+08 0.00245 
    7    1    1    1     1     1     7    1    1    1  1.10347E+16 0.00303 
    8    1    1    1     1     1     8    1    1    1  1.06758E+16 0.00255 
    9    2    1    1     1     1     1    1    1    1  4.72534E+14 0.00492 
   10    2    1    1     1     1     2    1    1    1  7.33795E+13 0.00434 
   11    2    1    1     1     1     3    1    1    1  6.29344E+14 0.00747 
   12    2    1    1     1     1     4    1    1    1  6.10833E+14 0.01003 
   13    2    1    1     1     1     5    1    1    1  9.86720E+14 0.00371 
   14    2    1    1     1     1     6    1    1    1  1.27130E+13 0.00473 
   15    2    1    1     1     1     7    1    1    1  1.06956E+15 0.00551 
   16    2    1    1     1     1     8    1    1    1  1.91511E+15 0.00509 
];


DET_PIN_AE = [
 1.10000E-11  6.25000E-07  3.12506E-07
 6.25000E-07  1.96400E+01  9.82000E+00
];

DET_PIN_B = [
    1    1    1    1     1     1     1    1    1    1  4.29952E+14 0.00335 
    2    1    1    1     1     1     2    1    1    1  1.26166E+13 0.00327 
    3    1    1    1     1     1     3    1    1    1  3.82746E+15 0.00405 
    4    1    1    1     1     1     4    1    1    1  2.45623E+15 0.00341 
    5    1    1    1     1     1     5    1    1    1  2.45464E+15 0.00340 
    6    1    1    1     1     1     6    1    1    1  1.23647E+08 0.00328 
    7    1    1    1     1     1     7    1    1    1  6.85251E+15 0.00361 
    8    1    1    1     1     1     8    1    1    1  6.64134E+15 0.00332 
    9    2    1    1     1     1     1    1    1    1  2.87754E+14 0.00592 
   10    2    1    1     1     1     2    1    1    1  5.03750E+13 0.00503 
   11    2    1    1     1     1     3    1    1    1  3.84009E+14 0.00867 
   12    2    1    1     1     1     4    1    1    1  3.77489E+14 0.01141 
   13    2    1    1     1     1     5    1    1    1  5.97775E+14 0.00424 
   14    2    1    1     1     1     6    1    1    1  7.46044E+12 0.00553 
   15    2    1    1     1     1     7    1    1    1  6.44841E+14 0.00665 
   16    2    1    1     1     1     8    1    1    1  1.16354E+15 0.00592 
];


DET_PIN_BE = [
 1.10000E-11  6.25000E-07  3.12506E-07
 6.25000E-07  1.96400E+01  9.82000E+00
];

DET_PIN_C = [
    1    1    1    1     1     1     1    1    1    1  2.20475E+14 0.00443 
    2    1    1    1     1     1     2    1    1    1  6.46163E+12 0.00433 
    3    1    1    1     1     1     3    1    1    1  1.96369E+15 0.00571 
    4    1    1    1     1     1     4    1    1    1  1.25577E+15 0.00460 
    5    1    1    1     1     1     5    1    1    1  1.25860E+15 0.00449 
    6    1    1    1     1     1     6    1    1    1  6.33288E+07 0.00435 
    7    1    1    1     1     1     7    1    1    1  3.51637E+15 0.00506 
    8    1    1    1     1     1     8    1    1    1  3.39254E+15 0.00438 
    9    2    1    1     1     1     1    1    1    1  1.46142E+14 0.00795 
   10    2    1    1     1     1     2    1    1    1  3.46669E+13 0.00672 
   11    2    1    1     1     1     3    1    1    1  1.91598E+14 0.01155 
   12    2    1    1     1     1     4    1    1    1  1.82362E+14 0.01587 
   13    2    1    1     1     1     5    1    1    1  3.01667E+14 0.00586 
   14    2    1    1     1     1     6    1    1    1  3.70408E+12 0.00706 
   15    2    1    1     1     1     7    1    1    1  3.24641E+14 0.00854 
   16    2    1    1     1     1     8    1    1    1  5.85413E+14 0.00792 
];


DET_PIN_CE = [
 1.10000E-11  6.25000E-07  3.12506E-07
 6.25000E-07  1.96400E+01  9.82000E+00
];

DET_PIN_D = [
    1    1    1    1     1     1     1    1    1    1  7.56054E+13 0.00716 
    2    1    1    1     1     1     2    1    1    1  2.21388E+12 0.00707 
    3    1    1    1     1     1     3    1    1    1  6.74303E+14 0.00879 
    4    1    1    1     1     1     4    1    1    1  4.31383E+14 0.00734 
    5    1    1    1     1     1     5    1    1    1  4.31269E+14 0.00726 
    6    1    1    1     1     1     6    1    1    1  2.16978E+07 0.00709 
    7    1    1    1     1     1     7    1    1    1  1.20664E+15 0.00786 
    8    1    1    1     1     1     8    1    1    1  1.16476E+15 0.00710 
    9    2    1    1     1     1     1    1    1    1  4.93526E+13 0.01388 
   10    2    1    1     1     1     2    1    1    1  2.38193E+13 0.00919 
   11    2    1    1     1     1     3    1    1    1  6.35380E+13 0.01894 
   12    2    1    1     1     1     4    1    1    1  6.36217E+13 0.02566 
   13    2    1    1     1     1     5    1    1    1  1.01719E+14 0.00977 
   14    2    1    1     1     1     6    1    1    1  1.24010E+12 0.01051 
   15    2    1    1     1     1     7    1    1    1  1.11861E+14 0.01357 
   16    2    1    1     1     1     8    1    1    1  2.02036E+14 0.01201 
];


DET_PIN_DE = [
 1.10000E-11  6.25000E-07  3.12506E-07
 6.25000E-07  1.96400E+01  9.82000E+00
];
