
DET_FLUX_2G = [
    1    1    1    1     1     1     1    1    1    1  8.58939E+13 0.00180 
    2    2    1    1     1     1     1    1    1    1  6.56831E+14 0.00204 
];


DET_FLUX_2GE = [
 1.10000E-11  6.25000E-07  3.12506E-07
 6.25000E-07  1.96400E+01  9.82000E+00
];

DET_PIN_A = [
    1    1    1    1     1     1     1    1    1    1  6.77585E+14 0.00253 
    2    1    1    1     1     1     2    1    1    1  1.99600E+13 0.00254 
    3    1    1    1     1     1     3    1    1    1  5.99913E+15 0.00340 
    4    1    1    1     1     1     4    1    1    1  3.85663E+15 0.00270 
    5    1    1    1     1     1     5    1    1    1  3.87513E+15 0.00260 
    6    1    1    1     1     1     6    1    1    1  1.95590E+08 0.00255 
    7    1    1    1     1     1     7    1    1    1  1.07592E+16 0.00287 
    8    1    1    1     1     1     8    1    1    1  1.04468E+16 0.00263 
    9    2    1    1     1     1     1    1    1    1  4.79318E+14 0.00494 
   10    2    1    1     1     1     2    1    1    1  7.53578E+13 0.00441 
   11    2    1    1     1     1     3    1    1    1  6.34200E+14 0.00716 
   12    2    1    1     1     1     4    1    1    1  6.18426E+14 0.00905 
   13    2    1    1     1     1     5    1    1    1  1.00425E+15 0.00393 
   14    2    1    1     1     1     6    1    1    1  1.30311E+13 0.00473 
   15    2    1    1     1     1     7    1    1    1  1.08382E+15 0.00542 
   16    2    1    1     1     1     8    1    1    1  1.95154E+15 0.00507 
];


DET_PIN_AE = [
 1.10000E-11  6.25000E-07  3.12506E-07
 6.25000E-07  1.96400E+01  9.82000E+00
];

DET_PIN_B = [
    1    1    1    1     1     1     1    1    1    1  4.25630E+14 0.00321 
    2    1    1    1     1     1     2    1    1    1  1.25166E+13 0.00320 
    3    1    1    1     1     1     3    1    1    1  3.74737E+15 0.00384 
    4    1    1    1     1     1     4    1    1    1  2.41386E+15 0.00314 
    5    1    1    1     1     1     5    1    1    1  2.43344E+15 0.00331 
    6    1    1    1     1     1     6    1    1    1  1.22663E+08 0.00322 
    7    1    1    1     1     1     7    1    1    1  6.72849E+15 0.00336 
    8    1    1    1     1     1     8    1    1    1  6.53699E+15 0.00308 
    9    2    1    1     1     1     1    1    1    1  2.95348E+14 0.00602 
   10    2    1    1     1     1     2    1    1    1  5.15496E+13 0.00542 
   11    2    1    1     1     1     3    1    1    1  3.90059E+14 0.00895 
   12    2    1    1     1     1     4    1    1    1  3.75830E+14 0.01160 
   13    2    1    1     1     1     5    1    1    1  6.09597E+14 0.00453 
   14    2    1    1     1     1     6    1    1    1  7.72417E+12 0.00539 
   15    2    1    1     1     1     7    1    1    1  6.59731E+14 0.00653 
   16    2    1    1     1     1     8    1    1    1  1.18588E+15 0.00586 
];


DET_PIN_BE = [
 1.10000E-11  6.25000E-07  3.12506E-07
 6.25000E-07  1.96400E+01  9.82000E+00
];

DET_PIN_C = [
    1    1    1    1     1     1     1    1    1    1  2.20112E+14 0.00471 
    2    1    1    1     1     1     2    1    1    1  6.45891E+12 0.00469 
    3    1    1    1     1     1     3    1    1    1  1.93015E+15 0.00563 
    4    1    1    1     1     1     4    1    1    1  1.24418E+15 0.00460 
    5    1    1    1     1     1     5    1    1    1  1.25839E+15 0.00481 
    6    1    1    1     1     1     6    1    1    1  6.33036E+07 0.00471 
    7    1    1    1     1     1     7    1    1    1  3.46946E+15 0.00503 
    8    1    1    1     1     1     8    1    1    1  3.36518E+15 0.00449 
    9    2    1    1     1     1     1    1    1    1  1.50903E+14 0.00760 
   10    2    1    1     1     1     2    1    1    1  3.47597E+13 0.00651 
   11    2    1    1     1     1     3    1    1    1  1.99695E+14 0.01234 
   12    2    1    1     1     1     4    1    1    1  1.93305E+14 0.01532 
   13    2    1    1     1     1     5    1    1    1  3.08465E+14 0.00544 
   14    2    1    1     1     1     6    1    1    1  3.79705E+12 0.00720 
   15    2    1    1     1     1     7    1    1    1  3.35609E+14 0.00839 
   16    2    1    1     1     1     8    1    1    1  6.09734E+14 0.00749 
];


DET_PIN_CE = [
 1.10000E-11  6.25000E-07  3.12506E-07
 6.25000E-07  1.96400E+01  9.82000E+00
];

DET_PIN_D = [
    1    1    1    1     1     1     1    1    1    1  7.38100E+13 0.00717 
    2    1    1    1     1     1     2    1    1    1  2.16141E+12 0.00705 
    3    1    1    1     1     1     3    1    1    1  6.54363E+14 0.00822 
    4    1    1    1     1     1     4    1    1    1  4.19214E+14 0.00706 
    5    1    1    1     1     1     5    1    1    1  4.21373E+14 0.00727 
    6    1    1    1     1     1     6    1    1    1  2.11841E+07 0.00706 
    7    1    1    1     1     1     7    1    1    1  1.17309E+15 0.00742 
    8    1    1    1     1     1     8    1    1    1  1.13177E+15 0.00691 
    9    2    1    1     1     1     1    1    1    1  4.98157E+13 0.01339 
   10    2    1    1     1     1     2    1    1    1  2.42601E+13 0.00945 
   11    2    1    1     1     1     3    1    1    1  6.55924E+13 0.01930 
   12    2    1    1     1     1     4    1    1    1  6.25284E+13 0.02644 
   13    2    1    1     1     1     5    1    1    1  1.02088E+14 0.00950 
   14    2    1    1     1     1     6    1    1    1  1.27936E+12 0.01076 
   15    2    1    1     1     1     7    1    1    1  1.12408E+14 0.01365 
   16    2    1    1     1     1     8    1    1    1  2.03523E+14 0.01215 
];


DET_PIN_DE = [
 1.10000E-11  6.25000E-07  3.12506E-07
 6.25000E-07  1.96400E+01  9.82000E+00
];
