
DET_FLUX_2G = [
    1    1    1    1     1     1     1    1    1    1  8.53071E+13 0.00178 
    2    2    1    1     1     1     1    1    1    1  6.75696E+14 0.00214 
];


DET_FLUX_2GE = [
 1.10000E-11  6.25000E-07  3.12506E-07
 6.25000E-07  1.96400E+01  9.82000E+00
];

DET_PIN_A = [
    1    1    1    1     1     1     1    1    1    1  6.73952E+14 0.00262 
    2    1    1    1     1     1     2    1    1    1  1.98777E+13 0.00260 
    3    1    1    1     1     1     3    1    1    1  5.90278E+15 0.00311 
    4    1    1    1     1     1     4    1    1    1  3.80573E+15 0.00255 
    5    1    1    1     1     1     5    1    1    1  3.85838E+15 0.00270 
    6    1    1    1     1     1     6    1    1    1  1.94783E+08 0.00261 
    7    1    1    1     1     1     7    1    1    1  1.06159E+16 0.00267 
    8    1    1    1     1     1     8    1    1    1  1.03217E+16 0.00251 
    9    2    1    1     1     1     1    1    1    1  4.97483E+14 0.00522 
   10    2    1    1     1     1     2    1    1    1  7.75553E+13 0.00466 
   11    2    1    1     1     1     3    1    1    1  6.56021E+14 0.00748 
   12    2    1    1     1     1     4    1    1    1  6.49589E+14 0.00925 
   13    2    1    1     1     1     5    1    1    1  1.03142E+15 0.00398 
   14    2    1    1     1     1     6    1    1    1  1.34124E+13 0.00466 
   15    2    1    1     1     1     7    1    1    1  1.11528E+15 0.00579 
   16    2    1    1     1     1     8    1    1    1  2.01311E+15 0.00507 
];


DET_PIN_AE = [
 1.10000E-11  6.25000E-07  3.12506E-07
 6.25000E-07  1.96400E+01  9.82000E+00
];

DET_PIN_B = [
    1    1    1    1     1     1     1    1    1    1  4.19442E+14 0.00344 
    2    1    1    1     1     1     2    1    1    1  1.23344E+13 0.00342 
    3    1    1    1     1     1     3    1    1    1  3.68135E+15 0.00398 
    4    1    1    1     1     1     4    1    1    1  2.36935E+15 0.00346 
    5    1    1    1     1     1     5    1    1    1  2.39971E+15 0.00351 
    6    1    1    1     1     1     6    1    1    1  1.20882E+08 0.00343 
    7    1    1    1     1     1     7    1    1    1  6.61748E+15 0.00350 
    8    1    1    1     1     1     8    1    1    1  6.41716E+15 0.00342 
    9    2    1    1     1     1     1    1    1    1  3.02636E+14 0.00607 
   10    2    1    1     1     1     2    1    1    1  5.31653E+13 0.00507 
   11    2    1    1     1     1     3    1    1    1  3.99770E+14 0.00844 
   12    2    1    1     1     1     4    1    1    1  3.93756E+14 0.01177 
   13    2    1    1     1     1     5    1    1    1  6.27951E+14 0.00457 
   14    2    1    1     1     1     6    1    1    1  7.91683E+12 0.00528 
   15    2    1    1     1     1     7    1    1    1  6.78549E+14 0.00627 
   16    2    1    1     1     1     8    1    1    1  1.22727E+15 0.00584 
];


DET_PIN_BE = [
 1.10000E-11  6.25000E-07  3.12506E-07
 6.25000E-07  1.96400E+01  9.82000E+00
];

DET_PIN_C = [
    1    1    1    1     1     1     1    1    1    1  2.13179E+14 0.00480 
    2    1    1    1     1     1     2    1    1    1  6.26562E+12 0.00471 
    3    1    1    1     1     1     3    1    1    1  1.87174E+15 0.00553 
    4    1    1    1     1     1     4    1    1    1  1.20732E+15 0.00475 
    5    1    1    1     1     1     5    1    1    1  1.21852E+15 0.00486 
    6    1    1    1     1     1     6    1    1    1  6.14016E+07 0.00472 
    7    1    1    1     1     1     7    1    1    1  3.36287E+15 0.00497 
    8    1    1    1     1     1     8    1    1    1  3.26619E+15 0.00464 
    9    2    1    1     1     1     1    1    1    1  1.52115E+14 0.00855 
   10    2    1    1     1     1     2    1    1    1  3.63936E+13 0.00687 
   11    2    1    1     1     1     3    1    1    1  2.03126E+14 0.01189 
   12    2    1    1     1     1     4    1    1    1  1.98264E+14 0.01498 
   13    2    1    1     1     1     5    1    1    1  3.14221E+14 0.00611 
   14    2    1    1     1     1     6    1    1    1  3.90628E+12 0.00699 
   15    2    1    1     1     1     7    1    1    1  3.40612E+14 0.00820 
   16    2    1    1     1     1     8    1    1    1  6.22723E+14 0.00728 
];


DET_PIN_CE = [
 1.10000E-11  6.25000E-07  3.12506E-07
 6.25000E-07  1.96400E+01  9.82000E+00
];

DET_PIN_D = [
    1    1    1    1     1     1     1    1    1    1  7.38439E+13 0.00777 
    2    1    1    1     1     1     2    1    1    1  2.15861E+12 0.00757 
    3    1    1    1     1     1     3    1    1    1  6.52444E+14 0.00844 
    4    1    1    1     1     1     4    1    1    1  4.18686E+14 0.00765 
    5    1    1    1     1     1     5    1    1    1  4.21384E+14 0.00784 
    6    1    1    1     1     1     6    1    1    1  2.11577E+07 0.00759 
    7    1    1    1     1     1     7    1    1    1  1.17041E+15 0.00773 
    8    1    1    1     1     1     8    1    1    1  1.12905E+15 0.00755 
    9    2    1    1     1     1     1    1    1    1  5.25631E+13 0.01354 
   10    2    1    1     1     1     2    1    1    1  2.48061E+13 0.00944 
   11    2    1    1     1     1     3    1    1    1  6.78366E+13 0.01765 
   12    2    1    1     1     1     4    1    1    1  6.60679E+13 0.02569 
   13    2    1    1     1     1     5    1    1    1  1.06950E+14 0.00994 
   14    2    1    1     1     1     6    1    1    1  1.31379E+12 0.01155 
   15    2    1    1     1     1     7    1    1    1  1.14041E+14 0.01313 
   16    2    1    1     1     1     8    1    1    1  2.08737E+14 0.01208 
];


DET_PIN_DE = [
 1.10000E-11  6.25000E-07  3.12506E-07
 6.25000E-07  1.96400E+01  9.82000E+00
];
