
DET_FLUX_2G = [
    1    1    1    1     1     1     1    1    1    1  8.91690E+13 0.00173 
    2    2    1    1     1     1     1    1    1    1  6.13348E+14 0.00210 
];


DET_FLUX_2GE = [
 1.10000E-11  6.25000E-07  3.12506E-07
 6.25000E-07  1.96400E+01  9.82000E+00
];

DET_PIN_A = [
    1    1    1    1     1     1     1    1    1    1  7.11478E+14 0.00233 
    2    1    1    1     1     1     2    1    1    1  2.09118E+13 0.00232 
    3    1    1    1     1     1     3    1    1    1  6.42209E+15 0.00349 
    4    1    1    1     1     1     4    1    1    1  4.09165E+15 0.00259 
    5    1    1    1     1     1     5    1    1    1  4.06134E+15 0.00238 
    6    1    1    1     1     1     6    1    1    1  2.04919E+08 0.00232 
    7    1    1    1     1     1     7    1    1    1  1.14638E+16 0.00297 
    8    1    1    1     1     1     8    1    1    1  1.10620E+16 0.00245 
    9    2    1    1     1     1     1    1    1    1  4.48381E+14 0.00494 
   10    2    1    1     1     1     2    1    1    1  7.08004E+13 0.00458 
   11    2    1    1     1     1     3    1    1    1  6.06141E+14 0.00767 
   12    2    1    1     1     1     4    1    1    1  5.92573E+14 0.00964 
   13    2    1    1     1     1     5    1    1    1  9.49606E+14 0.00360 
   14    2    1    1     1     1     6    1    1    1  1.19994E+13 0.00425 
   15    2    1    1     1     1     7    1    1    1  1.03393E+15 0.00561 
   16    2    1    1     1     1     8    1    1    1  1.84882E+15 0.00492 
];


DET_PIN_AE = [
 1.10000E-11  6.25000E-07  3.12506E-07
 6.25000E-07  1.96400E+01  9.82000E+00
];

DET_PIN_B = [
    1    1    1    1     1     1     1    1    1    1  4.42752E+14 0.00308 
    2    1    1    1     1     1     2    1    1    1  1.29782E+13 0.00302 
    3    1    1    1     1     1     3    1    1    1  3.99410E+15 0.00427 
    4    1    1    1     1     1     4    1    1    1  2.54519E+15 0.00330 
    5    1    1    1     1     1     5    1    1    1  2.52496E+15 0.00312 
    6    1    1    1     1     1     6    1    1    1  1.27188E+08 0.00303 
    7    1    1    1     1     1     7    1    1    1  7.12916E+15 0.00370 
    8    1    1    1     1     1     8    1    1    1  6.87240E+15 0.00314 
    9    2    1    1     1     1     1    1    1    1  2.75114E+14 0.00560 
   10    2    1    1     1     1     2    1    1    1  4.87118E+13 0.00537 
   11    2    1    1     1     1     3    1    1    1  3.68387E+14 0.00912 
   12    2    1    1     1     1     4    1    1    1  3.64970E+14 0.01191 
   13    2    1    1     1     1     5    1    1    1  5.79250E+14 0.00424 
   14    2    1    1     1     1     6    1    1    1  7.12380E+12 0.00526 
   15    2    1    1     1     1     7    1    1    1  6.28493E+14 0.00661 
   16    2    1    1     1     1     8    1    1    1  1.13569E+15 0.00613 
];


DET_PIN_BE = [
 1.10000E-11  6.25000E-07  3.12506E-07
 6.25000E-07  1.96400E+01  9.82000E+00
];

DET_PIN_C = [
    1    1    1    1     1     1     1    1    1    1  2.27099E+14 0.00475 
    2    1    1    1     1     1     2    1    1    1  6.64128E+12 0.00470 
    3    1    1    1     1     1     3    1    1    1  2.04227E+15 0.00608 
    4    1    1    1     1     1     4    1    1    1  1.30223E+15 0.00502 
    5    1    1    1     1     1     5    1    1    1  1.29477E+15 0.00481 
    6    1    1    1     1     1     6    1    1    1  6.50924E+07 0.00471 
    7    1    1    1     1     1     7    1    1    1  3.64797E+15 0.00540 
    8    1    1    1     1     1     8    1    1    1  3.51237E+15 0.00484 
    9    2    1    1     1     1     1    1    1    1  1.40070E+14 0.00807 
   10    2    1    1     1     1     2    1    1    1  3.26814E+13 0.00671 
   11    2    1    1     1     1     3    1    1    1  1.88097E+14 0.01238 
   12    2    1    1     1     1     4    1    1    1  1.84873E+14 0.01606 
   13    2    1    1     1     1     5    1    1    1  2.92236E+14 0.00582 
   14    2    1    1     1     1     6    1    1    1  3.54427E+12 0.00668 
   15    2    1    1     1     1     7    1    1    1  3.18034E+14 0.00894 
   16    2    1    1     1     1     8    1    1    1  5.72931E+14 0.00841 
];


DET_PIN_CE = [
 1.10000E-11  6.25000E-07  3.12506E-07
 6.25000E-07  1.96400E+01  9.82000E+00
];

DET_PIN_D = [
    1    1    1    1     1     1     1    1    1    1  7.79361E+13 0.00736 
    2    1    1    1     1     1     2    1    1    1  2.27575E+12 0.00726 
    3    1    1    1     1     1     3    1    1    1  7.00574E+14 0.00889 
    4    1    1    1     1     1     4    1    1    1  4.45505E+14 0.00749 
    5    1    1    1     1     1     5    1    1    1  4.44115E+14 0.00746 
    6    1    1    1     1     1     6    1    1    1  2.23052E+07 0.00728 
    7    1    1    1     1     1     7    1    1    1  1.25174E+15 0.00800 
    8    1    1    1     1     1     8    1    1    1  1.19991E+15 0.00730 
    9    2    1    1     1     1     1    1    1    1  4.89036E+13 0.01393 
   10    2    1    1     1     1     2    1    1    1  2.25040E+13 0.00951 
   11    2    1    1     1     1     3    1    1    1  6.23167E+13 0.01911 
   12    2    1    1     1     1     4    1    1    1  6.29203E+13 0.02737 
   13    2    1    1     1     1     5    1    1    1  9.88675E+13 0.00979 
   14    2    1    1     1     1     6    1    1    1  1.14366E+12 0.01112 
   15    2    1    1     1     1     7    1    1    1  1.05410E+14 0.01418 
   16    2    1    1     1     1     8    1    1    1  1.95066E+14 0.01261 
];


DET_PIN_DE = [
 1.10000E-11  6.25000E-07  3.12506E-07
 6.25000E-07  1.96400E+01  9.82000E+00
];
