
DET_FLUX_2G = [
    1    1    1    1     1     1     1    1    1    1  8.42607E+13 0.00201 
    2    2    1    1     1     1     1    1    1    1  8.04105E+14 0.00213 
];


DET_FLUX_2GE = [
 1.10000E-11  6.25000E-07  3.12506E-07
 6.25000E-07  1.96400E+01  9.82000E+00
];

DET_PIN_A = [
    1    1    1    1     1     1     1    1    1    1  6.58711E+14 0.00307 
    2    1    1    1     1     1     2    1    1    1  1.95174E+13 0.00305 
    3    1    1    1     1     1     3    1    1    1  5.54906E+15 0.00324 
    4    1    1    1     1     1     4    1    1    1  3.64183E+15 0.00285 
    5    1    1    1     1     1     5    1    1    1  3.78590E+15 0.00316 
    6    1    1    1     1     1     6    1    1    1  1.91263E+08 0.00306 
    7    1    1    1     1     1     7    1    1    1  1.00775E+16 0.00286 
    8    1    1    1     1     1     8    1    1    1  9.93173E+15 0.00286 
    9    2    1    1     1     1     1    1    1    1  6.01592E+14 0.00557 
   10    2    1    1     1     1     2    1    1    1  9.33046E+13 0.00453 
   11    2    1    1     1     1     3    1    1    1  7.39104E+14 0.00690 
   12    2    1    1     1     1     4    1    1    1  7.42090E+14 0.00924 
   13    2    1    1     1     1     5    1    1    1  1.21780E+15 0.00433 
   14    2    1    1     1     1     6    1    1    1  1.60215E+13 0.00441 
   15    2    1    1     1     1     7    1    1    1  1.27297E+15 0.00524 
   16    2    1    1     1     1     8    1    1    1  2.31472E+15 0.00480 
];


DET_PIN_AE = [
 1.10000E-11  6.25000E-07  3.12506E-07
 6.25000E-07  1.96400E+01  9.82000E+00
];

DET_PIN_B = [
    1    1    1    1     1     1     1    1    1    1  4.13471E+14 0.00348 
    2    1    1    1     1     1     2    1    1    1  1.22070E+13 0.00349 
    3    1    1    1     1     1     3    1    1    1  3.53242E+15 0.00384 
    4    1    1    1     1     1     4    1    1    1  2.30016E+15 0.00332 
    5    1    1    1     1     1     5    1    1    1  2.37185E+15 0.00357 
    6    1    1    1     1     1     6    1    1    1  1.19626E+08 0.00350 
    7    1    1    1     1     1     7    1    1    1  6.39262E+15 0.00335 
    8    1    1    1     1     1     8    1    1    1  6.25026E+15 0.00328 
    9    2    1    1     1     1     1    1    1    1  3.65106E+14 0.00688 
   10    2    1    1     1     1     2    1    1    1  6.44389E+13 0.00531 
   11    2    1    1     1     1     3    1    1    1  4.57961E+14 0.00814 
   12    2    1    1     1     1     4    1    1    1  4.50682E+14 0.01062 
   13    2    1    1     1     1     5    1    1    1  7.39147E+14 0.00521 
   14    2    1    1     1     1     6    1    1    1  9.47022E+12 0.00510 
   15    2    1    1     1     1     7    1    1    1  7.77386E+14 0.00626 
   16    2    1    1     1     1     8    1    1    1  1.42336E+15 0.00536 
];


DET_PIN_BE = [
 1.10000E-11  6.25000E-07  3.12506E-07
 6.25000E-07  1.96400E+01  9.82000E+00
];

DET_PIN_C = [
    1    1    1    1     1     1     1    1    1    1  2.09834E+14 0.00502 
    2    1    1    1     1     1     2    1    1    1  6.18870E+12 0.00492 
    3    1    1    1     1     1     3    1    1    1  1.80239E+15 0.00537 
    4    1    1    1     1     1     4    1    1    1  1.16777E+15 0.00469 
    5    1    1    1     1     1     5    1    1    1  1.20349E+15 0.00511 
    6    1    1    1     1     1     6    1    1    1  6.06473E+07 0.00493 
    7    1    1    1     1     1     7    1    1    1  3.25872E+15 0.00485 
    8    1    1    1     1     1     8    1    1    1  3.16786E+15 0.00466 
    9    2    1    1     1     1     1    1    1    1  1.83114E+14 0.00851 
   10    2    1    1     1     1     2    1    1    1  4.38724E+13 0.00704 
   11    2    1    1     1     1     3    1    1    1  2.29473E+14 0.01076 
   12    2    1    1     1     1     4    1    1    1  2.24600E+14 0.01418 
   13    2    1    1     1     1     5    1    1    1  3.69879E+14 0.00627 
   14    2    1    1     1     1     6    1    1    1  4.74441E+12 0.00640 
   15    2    1    1     1     1     7    1    1    1  3.92355E+14 0.00779 
   16    2    1    1     1     1     8    1    1    1  7.17039E+14 0.00705 
];


DET_PIN_CE = [
 1.10000E-11  6.25000E-07  3.12506E-07
 6.25000E-07  1.96400E+01  9.82000E+00
];

DET_PIN_D = [
    1    1    1    1     1     1     1    1    1    1  7.18523E+13 0.00756 
    2    1    1    1     1     1     2    1    1    1  2.11276E+12 0.00751 
    3    1    1    1     1     1     3    1    1    1  6.16982E+14 0.00814 
    4    1    1    1     1     1     4    1    1    1  4.00934E+14 0.00698 
    5    1    1    1     1     1     5    1    1    1  4.11644E+14 0.00773 
    6    1    1    1     1     1     6    1    1    1  2.07083E+07 0.00753 
    7    1    1    1     1     1     7    1    1    1  1.11491E+15 0.00747 
    8    1    1    1     1     1     8    1    1    1  1.08785E+15 0.00697 
    9    2    1    1     1     1     1    1    1    1  6.30489E+13 0.01447 
   10    2    1    1     1     1     2    1    1    1  2.99773E+13 0.00941 
   11    2    1    1     1     1     3    1    1    1  7.82990E+13 0.01667 
   12    2    1    1     1     1     4    1    1    1  7.56620E+13 0.02297 
   13    2    1    1     1     1     5    1    1    1  1.27424E+14 0.00996 
   14    2    1    1     1     1     6    1    1    1  1.58890E+12 0.01132 
   15    2    1    1     1     1     7    1    1    1  1.31653E+14 0.01255 
   16    2    1    1     1     1     8    1    1    1  2.41882E+14 0.01110 
];


DET_PIN_DE = [
 1.10000E-11  6.25000E-07  3.12506E-07
 6.25000E-07  1.96400E+01  9.82000E+00
];
