
DET_FLUX_2G = [
    1    1    1    1     1     1     1    1    1    1  8.62332E+13 0.00168 
    2    2    1    1     1     1     1    1    1    1  6.53628E+14 0.00219 
];


DET_FLUX_2GE = [
 1.10000E-11  6.25000E-07  3.12506E-07
 6.25000E-07  1.96400E+01  9.82000E+00
];

DET_PIN_A = [
    1    1    1    1     1     1     1    1    1    1  6.80756E+14 0.00247 
    2    1    1    1     1     1     2    1    1    1  2.00561E+13 0.00249 
    3    1    1    1     1     1     3    1    1    1  6.05846E+15 0.00316 
    4    1    1    1     1     1     4    1    1    1  3.88028E+15 0.00251 
    5    1    1    1     1     1     5    1    1    1  3.89189E+15 0.00255 
    6    1    1    1     1     1     6    1    1    1  1.96525E+08 0.00250 
    7    1    1    1     1     1     7    1    1    1  1.08531E+16 0.00272 
    8    1    1    1     1     1     8    1    1    1  1.05068E+16 0.00248 
    9    2    1    1     1     1     1    1    1    1  4.81559E+14 0.00509 
   10    2    1    1     1     1     2    1    1    1  7.50780E+13 0.00464 
   11    2    1    1     1     1     3    1    1    1  6.26560E+14 0.00707 
   12    2    1    1     1     1     4    1    1    1  6.26516E+14 0.00846 
   13    2    1    1     1     1     5    1    1    1  1.00420E+15 0.00370 
   14    2    1    1     1     1     6    1    1    1  1.28052E+13 0.00461 
   15    2    1    1     1     1     7    1    1    1  1.07196E+15 0.00522 
   16    2    1    1     1     1     8    1    1    1  1.95102E+15 0.00464 
];


DET_PIN_AE = [
 1.10000E-11  6.25000E-07  3.12506E-07
 6.25000E-07  1.96400E+01  9.82000E+00
];

DET_PIN_B = [
    1    1    1    1     1     1     1    1    1    1  4.28223E+14 0.00305 
    2    1    1    1     1     1     2    1    1    1  1.25830E+13 0.00300 
    3    1    1    1     1     1     3    1    1    1  3.77133E+15 0.00406 
    4    1    1    1     1     1     4    1    1    1  2.42918E+15 0.00324 
    5    1    1    1     1     1     5    1    1    1  2.44806E+15 0.00309 
    6    1    1    1     1     1     6    1    1    1  1.23321E+08 0.00301 
    7    1    1    1     1     1     7    1    1    1  6.77079E+15 0.00353 
    8    1    1    1     1     1     8    1    1    1  6.57843E+15 0.00309 
    9    2    1    1     1     1     1    1    1    1  2.91584E+14 0.00608 
   10    2    1    1     1     1     2    1    1    1  5.22192E+13 0.00525 
   11    2    1    1     1     1     3    1    1    1  3.84017E+14 0.00858 
   12    2    1    1     1     1     4    1    1    1  3.84024E+14 0.01138 
   13    2    1    1     1     1     5    1    1    1  6.04825E+14 0.00452 
   14    2    1    1     1     1     6    1    1    1  7.67132E+12 0.00568 
   15    2    1    1     1     1     7    1    1    1  6.57037E+14 0.00672 
   16    2    1    1     1     1     8    1    1    1  1.18720E+15 0.00585 
];


DET_PIN_BE = [
 1.10000E-11  6.25000E-07  3.12506E-07
 6.25000E-07  1.96400E+01  9.82000E+00
];

DET_PIN_C = [
    1    1    1    1     1     1     1    1    1    1  2.18552E+14 0.00484 
    2    1    1    1     1     1     2    1    1    1  6.41477E+12 0.00477 
    3    1    1    1     1     1     3    1    1    1  1.93620E+15 0.00551 
    4    1    1    1     1     1     4    1    1    1  1.24141E+15 0.00483 
    5    1    1    1     1     1     5    1    1    1  1.24852E+15 0.00492 
    6    1    1    1     1     1     6    1    1    1  6.28666E+07 0.00479 
    7    1    1    1     1     1     7    1    1    1  3.47163E+15 0.00495 
    8    1    1    1     1     1     8    1    1    1  3.35677E+15 0.00472 
    9    2    1    1     1     1     1    1    1    1  1.48769E+14 0.00785 
   10    2    1    1     1     1     2    1    1    1  3.45857E+13 0.00667 
   11    2    1    1     1     1     3    1    1    1  1.97587E+14 0.01153 
   12    2    1    1     1     1     4    1    1    1  1.90470E+14 0.01498 
   13    2    1    1     1     1     5    1    1    1  3.08688E+14 0.00591 
   14    2    1    1     1     1     6    1    1    1  3.81764E+12 0.00692 
   15    2    1    1     1     1     7    1    1    1  3.35348E+14 0.00888 
   16    2    1    1     1     1     8    1    1    1  5.99593E+14 0.00740 
];


DET_PIN_CE = [
 1.10000E-11  6.25000E-07  3.12506E-07
 6.25000E-07  1.96400E+01  9.82000E+00
];

DET_PIN_D = [
    1    1    1    1     1     1     1    1    1    1  7.37578E+13 0.00725 
    2    1    1    1     1     1     2    1    1    1  2.15658E+12 0.00714 
    3    1    1    1     1     1     3    1    1    1  6.54613E+14 0.00836 
    4    1    1    1     1     1     4    1    1    1  4.19477E+14 0.00707 
    5    1    1    1     1     1     5    1    1    1  4.20695E+14 0.00736 
    6    1    1    1     1     1     6    1    1    1  2.11370E+07 0.00716 
    7    1    1    1     1     1     7    1    1    1  1.17288E+15 0.00758 
    8    1    1    1     1     1     8    1    1    1  1.13144E+15 0.00697 
    9    2    1    1     1     1     1    1    1    1  4.98357E+13 0.01386 
   10    2    1    1     1     1     2    1    1    1  2.37844E+13 0.00945 
   11    2    1    1     1     1     3    1    1    1  6.56405E+13 0.01903 
   12    2    1    1     1     1     4    1    1    1  6.38763E+13 0.02430 
   13    2    1    1     1     1     5    1    1    1  1.02083E+14 0.00969 
   14    2    1    1     1     1     6    1    1    1  1.26324E+12 0.01179 
   15    2    1    1     1     1     7    1    1    1  1.09502E+14 0.01443 
   16    2    1    1     1     1     8    1    1    1  2.01611E+14 0.01155 
];


DET_PIN_DE = [
 1.10000E-11  6.25000E-07  3.12506E-07
 6.25000E-07  1.96400E+01  9.82000E+00
];
