
DET_FLUX_2G = [
    1    1    1    1     1     1     1    1    1    1  8.79325E+13 0.00168 
    2    2    1    1     1     1     1    1    1    1  6.29866E+14 0.00214 
];


DET_FLUX_2GE = [
 1.10000E-11  6.25000E-07  3.12506E-07
 6.25000E-07  1.96400E+01  9.82000E+00
];

DET_PIN_A = [
    1    1    1    1     1     1     1    1    1    1  6.95615E+14 0.00239 
    2    1    1    1     1     1     2    1    1    1  2.04474E+13 0.00238 
    3    1    1    1     1     1     3    1    1    1  6.23978E+15 0.00340 
    4    1    1    1     1     1     4    1    1    1  3.98977E+15 0.00256 
    5    1    1    1     1     1     5    1    1    1  3.97120E+15 0.00244 
    6    1    1    1     1     1     6    1    1    1  2.00366E+08 0.00239 
    7    1    1    1     1     1     7    1    1    1  1.11532E+16 0.00295 
    8    1    1    1     1     1     8    1    1    1  1.07865E+16 0.00244 
    9    2    1    1     1     1     1    1    1    1  4.63680E+14 0.00492 
   10    2    1    1     1     1     2    1    1    1  7.27303E+13 0.00444 
   11    2    1    1     1     1     3    1    1    1  6.21854E+14 0.00735 
   12    2    1    1     1     1     4    1    1    1  6.03665E+14 0.00919 
   13    2    1    1     1     1     5    1    1    1  9.78772E+14 0.00356 
   14    2    1    1     1     1     6    1    1    1  1.23765E+13 0.00442 
   15    2    1    1     1     1     7    1    1    1  1.06161E+15 0.00541 
   16    2    1    1     1     1     8    1    1    1  1.88606E+15 0.00500 
];


DET_PIN_AE = [
 1.10000E-11  6.25000E-07  3.12506E-07
 6.25000E-07  1.96400E+01  9.82000E+00
];

DET_PIN_B = [
    1    1    1    1     1     1     1    1    1    1  4.34547E+14 0.00313 
    2    1    1    1     1     1     2    1    1    1  1.27610E+13 0.00311 
    3    1    1    1     1     1     3    1    1    1  3.85363E+15 0.00410 
    4    1    1    1     1     1     4    1    1    1  2.47301E+15 0.00315 
    5    1    1    1     1     1     5    1    1    1  2.48279E+15 0.00320 
    6    1    1    1     1     1     6    1    1    1  1.25064E+08 0.00312 
    7    1    1    1     1     1     7    1    1    1  6.90741E+15 0.00356 
    8    1    1    1     1     1     8    1    1    1  6.69336E+15 0.00305 
    9    2    1    1     1     1     1    1    1    1  2.83920E+14 0.00591 
   10    2    1    1     1     1     2    1    1    1  5.00462E+13 0.00551 
   11    2    1    1     1     1     3    1    1    1  3.74877E+14 0.00884 
   12    2    1    1     1     1     4    1    1    1  3.70957E+14 0.01100 
   13    2    1    1     1     1     5    1    1    1  5.93232E+14 0.00420 
   14    2    1    1     1     1     6    1    1    1  7.36504E+12 0.00542 
   15    2    1    1     1     1     7    1    1    1  6.41383E+14 0.00642 
   16    2    1    1     1     1     8    1    1    1  1.16017E+15 0.00568 
];


DET_PIN_BE = [
 1.10000E-11  6.25000E-07  3.12506E-07
 6.25000E-07  1.96400E+01  9.82000E+00
];

DET_PIN_C = [
    1    1    1    1     1     1     1    1    1    1  2.24851E+14 0.00457 
    2    1    1    1     1     1     2    1    1    1  6.58555E+12 0.00451 
    3    1    1    1     1     1     3    1    1    1  1.99079E+15 0.00573 
    4    1    1    1     1     1     4    1    1    1  1.28030E+15 0.00470 
    5    1    1    1     1     1     5    1    1    1  1.28338E+15 0.00463 
    6    1    1    1     1     1     6    1    1    1  6.45453E+07 0.00452 
    7    1    1    1     1     1     7    1    1    1  3.56879E+15 0.00505 
    8    1    1    1     1     1     8    1    1    1  3.45792E+15 0.00454 
    9    2    1    1     1     1     1    1    1    1  1.43066E+14 0.00750 
   10    2    1    1     1     1     2    1    1    1  3.38417E+13 0.00690 
   11    2    1    1     1     1     3    1    1    1  1.88580E+14 0.01201 
   12    2    1    1     1     1     4    1    1    1  1.83564E+14 0.01574 
   13    2    1    1     1     1     5    1    1    1  2.99191E+14 0.00558 
   14    2    1    1     1     1     6    1    1    1  3.62794E+12 0.00706 
   15    2    1    1     1     1     7    1    1    1  3.22914E+14 0.00886 
   16    2    1    1     1     1     8    1    1    1  5.82622E+14 0.00811 
];


DET_PIN_CE = [
 1.10000E-11  6.25000E-07  3.12506E-07
 6.25000E-07  1.96400E+01  9.82000E+00
];

DET_PIN_D = [
    1    1    1    1     1     1     1    1    1    1  7.67717E+13 0.00774 
    2    1    1    1     1     1     2    1    1    1  2.24055E+12 0.00756 
    3    1    1    1     1     1     3    1    1    1  6.79527E+14 0.00887 
    4    1    1    1     1     1     4    1    1    1  4.38358E+14 0.00791 
    5    1    1    1     1     1     5    1    1    1  4.37636E+14 0.00779 
    6    1    1    1     1     1     6    1    1    1  2.19634E+07 0.00758 
    7    1    1    1     1     1     7    1    1    1  1.21747E+15 0.00803 
    8    1    1    1     1     1     8    1    1    1  1.18287E+15 0.00774 
    9    2    1    1     1     1     1    1    1    1  4.88602E+13 0.01308 
   10    2    1    1     1     1     2    1    1    1  2.31921E+13 0.00953 
   11    2    1    1     1     1     3    1    1    1  6.56842E+13 0.01914 
   12    2    1    1     1     1     4    1    1    1  6.69808E+13 0.02590 
   13    2    1    1     1     1     5    1    1    1  1.00948E+14 0.00955 
   14    2    1    1     1     1     6    1    1    1  1.19574E+12 0.01134 
   15    2    1    1     1     1     7    1    1    1  1.07540E+14 0.01334 
   16    2    1    1     1     1     8    1    1    1  2.03691E+14 0.01311 
];


DET_PIN_DE = [
 1.10000E-11  6.25000E-07  3.12506E-07
 6.25000E-07  1.96400E+01  9.82000E+00
];
