
DET_FLUX_2G = [
    1    1    1    1     1     1     1    1    1    1  8.41656E+13 0.00194 
    2    2    1    1     1     1     1    1    1    1  7.72910E+14 0.00231 
];


DET_FLUX_2GE = [
 1.10000E-11  6.25000E-07  3.12506E-07
 6.25000E-07  1.96400E+01  9.82000E+00
];

DET_PIN_A = [
    1    1    1    1     1     1     1    1    1    1  6.57585E+14 0.00308 
    2    1    1    1     1     1     2    1    1    1  1.94593E+13 0.00304 
    3    1    1    1     1     1     3    1    1    1  5.59971E+15 0.00340 
    4    1    1    1     1     1     4    1    1    1  3.65848E+15 0.00295 
    5    1    1    1     1     1     5    1    1    1  3.77569E+15 0.00315 
    6    1    1    1     1     1     6    1    1    1  1.90691E+08 0.00305 
    7    1    1    1     1     1     7    1    1    1  1.01416E+16 0.00301 
    8    1    1    1     1     1     8    1    1    1  9.96192E+15 0.00295 
    9    2    1    1     1     1     1    1    1    1  5.71242E+14 0.00528 
   10    2    1    1     1     1     2    1    1    1  8.95764E+13 0.00460 
   11    2    1    1     1     1     3    1    1    1  7.22096E+14 0.00689 
   12    2    1    1     1     1     4    1    1    1  7.17433E+14 0.00931 
   13    2    1    1     1     1     5    1    1    1  1.16540E+15 0.00402 
   14    2    1    1     1     1     6    1    1    1  1.53521E+13 0.00474 
   15    2    1    1     1     1     7    1    1    1  1.23398E+15 0.00521 
   16    2    1    1     1     1     8    1    1    1  2.24796E+15 0.00490 
];


DET_PIN_AE = [
 1.10000E-11  6.25000E-07  3.12506E-07
 6.25000E-07  1.96400E+01  9.82000E+00
];

DET_PIN_B = [
    1    1    1    1     1     1     1    1    1    1  4.10750E+14 0.00379 
    2    1    1    1     1     1     2    1    1    1  1.21180E+13 0.00371 
    3    1    1    1     1     1     3    1    1    1  3.52653E+15 0.00417 
    4    1    1    1     1     1     4    1    1    1  2.29425E+15 0.00370 
    5    1    1    1     1     1     5    1    1    1  2.35449E+15 0.00384 
    6    1    1    1     1     1     6    1    1    1  1.18750E+08 0.00372 
    7    1    1    1     1     1     7    1    1    1  6.37324E+15 0.00377 
    8    1    1    1     1     1     8    1    1    1  6.22661E+15 0.00365 
    9    2    1    1     1     1     1    1    1    1  3.45088E+14 0.00617 
   10    2    1    1     1     1     2    1    1    1  6.13844E+13 0.00532 
   11    2    1    1     1     1     3    1    1    1  4.46196E+14 0.00881 
   12    2    1    1     1     1     4    1    1    1  4.34868E+14 0.01151 
   13    2    1    1     1     1     5    1    1    1  7.04089E+14 0.00493 
   14    2    1    1     1     1     6    1    1    1  9.19193E+12 0.00503 
   15    2    1    1     1     1     7    1    1    1  7.58507E+14 0.00653 
   16    2    1    1     1     1     8    1    1    1  1.37411E+15 0.00594 
];


DET_PIN_BE = [
 1.10000E-11  6.25000E-07  3.12506E-07
 6.25000E-07  1.96400E+01  9.82000E+00
];

DET_PIN_C = [
    1    1    1    1     1     1     1    1    1    1  2.12756E+14 0.00550 
    2    1    1    1     1     1     2    1    1    1  6.26522E+12 0.00544 
    3    1    1    1     1     1     3    1    1    1  1.82021E+15 0.00560 
    4    1    1    1     1     1     4    1    1    1  1.18286E+15 0.00507 
    5    1    1    1     1     1     5    1    1    1  1.21968E+15 0.00561 
    6    1    1    1     1     1     6    1    1    1  6.14028E+07 0.00546 
    7    1    1    1     1     1     7    1    1    1  3.29321E+15 0.00518 
    8    1    1    1     1     1     8    1    1    1  3.20894E+15 0.00506 
    9    2    1    1     1     1     1    1    1    1  1.78655E+14 0.00839 
   10    2    1    1     1     1     2    1    1    1  4.13862E+13 0.00707 
   11    2    1    1     1     1     3    1    1    1  2.22883E+14 0.01127 
   12    2    1    1     1     1     4    1    1    1  2.18640E+14 0.01491 
   13    2    1    1     1     1     5    1    1    1  3.60956E+14 0.00650 
   14    2    1    1     1     1     6    1    1    1  4.52417E+12 0.00687 
   15    2    1    1     1     1     7    1    1    1  3.80422E+14 0.00866 
   16    2    1    1     1     1     8    1    1    1  6.95532E+14 0.00772 
];


DET_PIN_CE = [
 1.10000E-11  6.25000E-07  3.12506E-07
 6.25000E-07  1.96400E+01  9.82000E+00
];

DET_PIN_D = [
    1    1    1    1     1     1     1    1    1    1  7.23900E+13 0.00782 
    2    1    1    1     1     1     2    1    1    1  2.12968E+12 0.00773 
    3    1    1    1     1     1     3    1    1    1  6.18199E+14 0.00775 
    4    1    1    1     1     1     4    1    1    1  4.03178E+14 0.00732 
    5    1    1    1     1     1     5    1    1    1  4.14736E+14 0.00796 
    6    1    1    1     1     1     6    1    1    1  2.08733E+07 0.00775 
    7    1    1    1     1     1     7    1    1    1  1.11835E+15 0.00714 
    8    1    1    1     1     1     8    1    1    1  1.09431E+15 0.00737 
    9    2    1    1     1     1     1    1    1    1  5.99391E+13 0.01409 
   10    2    1    1     1     1     2    1    1    1  2.86313E+13 0.00941 
   11    2    1    1     1     1     3    1    1    1  7.57431E+13 0.01709 
   12    2    1    1     1     1     4    1    1    1  7.36159E+13 0.02242 
   13    2    1    1     1     1     5    1    1    1  1.21276E+14 0.00977 
   14    2    1    1     1     1     6    1    1    1  1.52627E+12 0.01103 
   15    2    1    1     1     1     7    1    1    1  1.29434E+14 0.01285 
   16    2    1    1     1     1     8    1    1    1  2.37764E+14 0.01111 
];


DET_PIN_DE = [
 1.10000E-11  6.25000E-07  3.12506E-07
 6.25000E-07  1.96400E+01  9.82000E+00
];
