
DET_FLUX_2G = [
    1    1    1    1     1     1     1    1    1    1  8.37365E+13 0.00217 
    2    2    1    1     1     1     1    1    1    1  8.69186E+14 0.00220 
];


DET_FLUX_2GE = [
 1.10000E-11  6.25000E-07  3.12506E-07
 6.25000E-07  1.96400E+01  9.82000E+00
];

DET_PIN_A = [
    1    1    1    1     1     1     1    1    1    1  6.46679E+14 0.00335 
    2    1    1    1     1     1     2    1    1    1  1.91787E+13 0.00332 
    3    1    1    1     1     1     3    1    1    1  5.45551E+15 0.00330 
    4    1    1    1     1     1     4    1    1    1  3.57449E+15 0.00298 
    5    1    1    1     1     1     5    1    1    1  3.71752E+15 0.00345 
    6    1    1    1     1     1     6    1    1    1  1.87929E+08 0.00333 
    7    1    1    1     1     1     7    1    1    1  9.90606E+15 0.00298 
    8    1    1    1     1     1     8    1    1    1  9.74398E+15 0.00304 
    9    2    1    1     1     1     1    1    1    1  6.38728E+14 0.00580 
   10    2    1    1     1     1     2    1    1    1  9.99290E+13 0.00449 
   11    2    1    1     1     1     3    1    1    1  7.92474E+14 0.00699 
   12    2    1    1     1     1     4    1    1    1  7.83882E+14 0.00911 
   13    2    1    1     1     1     5    1    1    1  1.29270E+15 0.00451 
   14    2    1    1     1     1     6    1    1    1  1.73639E+13 0.00470 
   15    2    1    1     1     1     7    1    1    1  1.36115E+15 0.00543 
   16    2    1    1     1     1     8    1    1    1  2.46581E+15 0.00476 
];


DET_PIN_AE = [
 1.10000E-11  6.25000E-07  3.12506E-07
 6.25000E-07  1.96400E+01  9.82000E+00
];

DET_PIN_B = [
    1    1    1    1     1     1     1    1    1    1  4.04107E+14 0.00406 
    2    1    1    1     1     1     2    1    1    1  1.19639E+13 0.00402 
    3    1    1    1     1     1     3    1    1    1  3.41098E+15 0.00412 
    4    1    1    1     1     1     4    1    1    1  2.22990E+15 0.00368 
    5    1    1    1     1     1     5    1    1    1  2.32244E+15 0.00416 
    6    1    1    1     1     1     6    1    1    1  1.17236E+08 0.00404 
    7    1    1    1     1     1     7    1    1    1  6.19428E+15 0.00372 
    8    1    1    1     1     1     8    1    1    1  6.06889E+15 0.00372 
    9    2    1    1     1     1     1    1    1    1  3.89246E+14 0.00666 
   10    2    1    1     1     1     2    1    1    1  6.91427E+13 0.00553 
   11    2    1    1     1     1     3    1    1    1  4.89365E+14 0.00832 
   12    2    1    1     1     1     4    1    1    1  4.75857E+14 0.01128 
   13    2    1    1     1     1     5    1    1    1  7.87997E+14 0.00514 
   14    2    1    1     1     1     6    1    1    1  1.03278E+13 0.00523 
   15    2    1    1     1     1     7    1    1    1  8.25656E+14 0.00592 
   16    2    1    1     1     1     8    1    1    1  1.49820E+15 0.00559 
];


DET_PIN_BE = [
 1.10000E-11  6.25000E-07  3.12506E-07
 6.25000E-07  1.96400E+01  9.82000E+00
];

DET_PIN_C = [
    1    1    1    1     1     1     1    1    1    1  2.07003E+14 0.00529 
    2    1    1    1     1     1     2    1    1    1  6.11263E+12 0.00522 
    3    1    1    1     1     1     3    1    1    1  1.77152E+15 0.00558 
    4    1    1    1     1     1     4    1    1    1  1.14938E+15 0.00499 
    5    1    1    1     1     1     5    1    1    1  1.18766E+15 0.00541 
    6    1    1    1     1     1     6    1    1    1  5.98990E+07 0.00524 
    7    1    1    1     1     1     7    1    1    1  3.20580E+15 0.00511 
    8    1    1    1     1     1     8    1    1    1  3.12023E+15 0.00498 
    9    2    1    1     1     1     1    1    1    1  2.00671E+14 0.00948 
   10    2    1    1     1     1     2    1    1    1  4.77458E+13 0.00699 
   11    2    1    1     1     1     3    1    1    1  2.45841E+14 0.01072 
   12    2    1    1     1     1     4    1    1    1  2.45679E+14 0.01407 
   13    2    1    1     1     1     5    1    1    1  3.99239E+14 0.00672 
   14    2    1    1     1     1     6    1    1    1  5.13743E+12 0.00679 
   15    2    1    1     1     1     7    1    1    1  4.20120E+14 0.00834 
   16    2    1    1     1     1     8    1    1    1  7.71008E+14 0.00703 
];


DET_PIN_CE = [
 1.10000E-11  6.25000E-07  3.12506E-07
 6.25000E-07  1.96400E+01  9.82000E+00
];

DET_PIN_D = [
    1    1    1    1     1     1     1    1    1    1  7.09293E+13 0.00784 
    2    1    1    1     1     1     2    1    1    1  2.08812E+12 0.00778 
    3    1    1    1     1     1     3    1    1    1  6.14231E+14 0.00764 
    4    1    1    1     1     1     4    1    1    1  3.96885E+14 0.00723 
    5    1    1    1     1     1     5    1    1    1  4.06182E+14 0.00802 
    6    1    1    1     1     1     6    1    1    1  2.04626E+07 0.00781 
    7    1    1    1     1     1     7    1    1    1  1.10807E+15 0.00705 
    8    1    1    1     1     1     8    1    1    1  1.07465E+15 0.00729 
    9    2    1    1     1     1     1    1    1    1  6.80917E+13 0.01408 
   10    2    1    1     1     1     2    1    1    1  3.26769E+13 0.00969 
   11    2    1    1     1     1     3    1    1    1  8.11501E+13 0.01650 
   12    2    1    1     1     1     4    1    1    1  8.09992E+13 0.01972 
   13    2    1    1     1     1     5    1    1    1  1.35164E+14 0.01053 
   14    2    1    1     1     1     6    1    1    1  1.71162E+12 0.01087 
   15    2    1    1     1     1     7    1    1    1  1.38460E+14 0.01183 
   16    2    1    1     1     1     8    1    1    1  2.60170E+14 0.01046 
];


DET_PIN_DE = [
 1.10000E-11  6.25000E-07  3.12506E-07
 6.25000E-07  1.96400E+01  9.82000E+00
];
