
DET_FLUX_2G = [
    1    1    1    1     1     1     1    1    1    1  8.46984E+13 0.00187 
    2    2    1    1     1     1     1    1    1    1  7.29919E+14 0.00211 
];


DET_FLUX_2GE = [
 1.10000E-11  6.25000E-07  3.12506E-07
 6.25000E-07  1.96400E+01  9.82000E+00
];

DET_PIN_A = [
    1    1    1    1     1     1     1    1    1    1  6.60801E+14 0.00264 
    2    1    1    1     1     1     2    1    1    1  1.95601E+13 0.00259 
    3    1    1    1     1     1     3    1    1    1  5.67893E+15 0.00314 
    4    1    1    1     1     1     4    1    1    1  3.69119E+15 0.00265 
    5    1    1    1     1     1     5    1    1    1  3.79182E+15 0.00270 
    6    1    1    1     1     1     6    1    1    1  1.91664E+08 0.00260 
    7    1    1    1     1     1     7    1    1    1  1.02626E+16 0.00269 
    8    1    1    1     1     1     8    1    1    1  1.00418E+16 0.00257 
    9    2    1    1     1     1     1    1    1    1  5.37719E+14 0.00526 
   10    2    1    1     1     1     2    1    1    1  8.37440E+13 0.00460 
   11    2    1    1     1     1     3    1    1    1  7.00095E+14 0.00698 
   12    2    1    1     1     1     4    1    1    1  6.88349E+14 0.00891 
   13    2    1    1     1     1     5    1    1    1  1.11022E+15 0.00403 
   14    2    1    1     1     1     6    1    1    1  1.44837E+13 0.00445 
   15    2    1    1     1     1     7    1    1    1  1.18372E+15 0.00530 
   16    2    1    1     1     1     8    1    1    1  2.14525E+15 0.00461 
];


DET_PIN_AE = [
 1.10000E-11  6.25000E-07  3.12506E-07
 6.25000E-07  1.96400E+01  9.82000E+00
];

DET_PIN_B = [
    1    1    1    1     1     1     1    1    1    1  4.15122E+14 0.00346 
    2    1    1    1     1     1     2    1    1    1  1.22425E+13 0.00343 
    3    1    1    1     1     1     3    1    1    1  3.57722E+15 0.00404 
    4    1    1    1     1     1     4    1    1    1  2.33098E+15 0.00346 
    5    1    1    1     1     1     5    1    1    1  2.37812E+15 0.00353 
    6    1    1    1     1     1     6    1    1    1  1.19977E+08 0.00344 
    7    1    1    1     1     1     7    1    1    1  6.45604E+15 0.00360 
    8    1    1    1     1     1     8    1    1    1  6.33172E+15 0.00342 
    9    2    1    1     1     1     1    1    1    1  3.29421E+14 0.00639 
   10    2    1    1     1     1     2    1    1    1  5.81689E+13 0.00530 
   11    2    1    1     1     1     3    1    1    1  4.23287E+14 0.00870 
   12    2    1    1     1     1     4    1    1    1  4.19640E+14 0.01071 
   13    2    1    1     1     1     5    1    1    1  6.72623E+14 0.00457 
   14    2    1    1     1     1     6    1    1    1  8.59998E+12 0.00512 
   15    2    1    1     1     1     7    1    1    1  7.20197E+14 0.00652 
   16    2    1    1     1     1     8    1    1    1  1.31818E+15 0.00568 
];


DET_PIN_BE = [
 1.10000E-11  6.25000E-07  3.12506E-07
 6.25000E-07  1.96400E+01  9.82000E+00
];

DET_PIN_C = [
    1    1    1    1     1     1     1    1    1    1  2.13299E+14 0.00498 
    2    1    1    1     1     1     2    1    1    1  6.27630E+12 0.00493 
    3    1    1    1     1     1     3    1    1    1  1.84424E+15 0.00547 
    4    1    1    1     1     1     4    1    1    1  1.19648E+15 0.00479 
    5    1    1    1     1     1     5    1    1    1  1.22134E+15 0.00509 
    6    1    1    1     1     1     6    1    1    1  6.15120E+07 0.00495 
    7    1    1    1     1     1     7    1    1    1  3.32645E+15 0.00491 
    8    1    1    1     1     1     8    1    1    1  3.24504E+15 0.00475 
    9    2    1    1     1     1     1    1    1    1  1.67063E+14 0.00827 
   10    2    1    1     1     1     2    1    1    1  3.91627E+13 0.00668 
   11    2    1    1     1     1     3    1    1    1  2.18349E+14 0.01144 
   12    2    1    1     1     1     4    1    1    1  2.15501E+14 0.01431 
   13    2    1    1     1     1     5    1    1    1  3.40009E+14 0.00600 
   14    2    1    1     1     1     6    1    1    1  4.30102E+12 0.00697 
   15    2    1    1     1     1     7    1    1    1  3.68514E+14 0.00860 
   16    2    1    1     1     1     8    1    1    1  6.67803E+14 0.00747 
];


DET_PIN_CE = [
 1.10000E-11  6.25000E-07  3.12506E-07
 6.25000E-07  1.96400E+01  9.82000E+00
];

DET_PIN_D = [
    1    1    1    1     1     1     1    1    1    1  7.12384E+13 0.00738 
    2    1    1    1     1     1     2    1    1    1  2.09238E+12 0.00732 
    3    1    1    1     1     1     3    1    1    1  6.21211E+14 0.00818 
    4    1    1    1     1     1     4    1    1    1  4.01183E+14 0.00723 
    5    1    1    1     1     1     5    1    1    1  4.07332E+14 0.00752 
    6    1    1    1     1     1     6    1    1    1  2.05050E+07 0.00734 
    7    1    1    1     1     1     7    1    1    1  1.11815E+15 0.00747 
    8    1    1    1     1     1     8    1    1    1  1.08455E+15 0.00713 
    9    2    1    1     1     1     1    1    1    1  5.66824E+13 0.01371 
   10    2    1    1     1     1     2    1    1    1  2.70025E+13 0.00914 
   11    2    1    1     1     1     3    1    1    1  7.20408E+13 0.01707 
   12    2    1    1     1     1     4    1    1    1  7.19751E+13 0.02386 
   13    2    1    1     1     1     5    1    1    1  1.15145E+14 0.00960 
   14    2    1    1     1     1     6    1    1    1  1.43181E+12 0.01090 
   15    2    1    1     1     1     7    1    1    1  1.23229E+14 0.01248 
   16    2    1    1     1     1     8    1    1    1  2.26918E+14 0.01162 
];


DET_PIN_DE = [
 1.10000E-11  6.25000E-07  3.12506E-07
 6.25000E-07  1.96400E+01  9.82000E+00
];
