
DET_FLUX_2G = [
    1    1    1    1     1     1     1    1    1    1  9.24606E+13 0.00156 
    2    2    1    1     1     1     1    1    1    1  5.88332E+14 0.00207 
];


DET_FLUX_2GE = [
 1.10000E-11  6.25000E-07  3.12506E-07
 6.25000E-07  1.96400E+01  9.82000E+00
];

DET_PIN_A = [
    1    1    1    1     1     1     1    1    1    1  7.41019E+14 0.00203 
    2    1    1    1     1     1     2    1    1    1  2.16594E+13 0.00204 
    3    1    1    1     1     1     3    1    1    1  6.88300E+15 0.00356 
    4    1    1    1     1     1     4    1    1    1  4.32107E+15 0.00250 
    5    1    1    1     1     1     5    1    1    1  4.21582E+15 0.00207 
    6    1    1    1     1     1     6    1    1    1  2.12254E+08 0.00204 
    7    1    1    1     1     1     7    1    1    1  1.22052E+16 0.00303 
    8    1    1    1     1     1     8    1    1    1  1.16224E+16 0.00230 
    9    2    1    1     1     1     1    1    1    1  4.31821E+14 0.00491 
   10    2    1    1     1     1     2    1    1    1  6.73682E+13 0.00457 
   11    2    1    1     1     1     3    1    1    1  5.90580E+14 0.00751 
   12    2    1    1     1     1     4    1    1    1  5.71804E+14 0.00945 
   13    2    1    1     1     1     5    1    1    1  9.19527E+14 0.00381 
   14    2    1    1     1     1     6    1    1    1  1.14947E+13 0.00458 
   15    2    1    1     1     1     7    1    1    1  1.00525E+15 0.00567 
   16    2    1    1     1     1     8    1    1    1  1.78273E+15 0.00518 
];


DET_PIN_AE = [
 1.10000E-11  6.25000E-07  3.12506E-07
 6.25000E-07  1.96400E+01  9.82000E+00
];

DET_PIN_B = [
    1    1    1    1     1     1     1    1    1    1  4.65326E+14 0.00283 
    2    1    1    1     1     1     2    1    1    1  1.35870E+13 0.00279 
    3    1    1    1     1     1     3    1    1    1  4.29122E+15 0.00420 
    4    1    1    1     1     1     4    1    1    1  2.70125E+15 0.00315 
    5    1    1    1     1     1     5    1    1    1  2.64795E+15 0.00288 
    6    1    1    1     1     1     6    1    1    1  1.33157E+08 0.00280 
    7    1    1    1     1     1     7    1    1    1  7.62170E+15 0.00363 
    8    1    1    1     1     1     8    1    1    1  7.26416E+15 0.00297 
    9    2    1    1     1     1     1    1    1    1  2.62595E+14 0.00572 
   10    2    1    1     1     1     2    1    1    1  4.62802E+13 0.00558 
   11    2    1    1     1     1     3    1    1    1  3.60400E+14 0.00904 
   12    2    1    1     1     1     4    1    1    1  3.49715E+14 0.01194 
   13    2    1    1     1     1     5    1    1    1  5.56412E+14 0.00411 
   14    2    1    1     1     1     6    1    1    1  6.84794E+12 0.00567 
   15    2    1    1     1     1     7    1    1    1  6.15724E+14 0.00696 
   16    2    1    1     1     1     8    1    1    1  1.09008E+15 0.00643 
];


DET_PIN_BE = [
 1.10000E-11  6.25000E-07  3.12506E-07
 6.25000E-07  1.96400E+01  9.82000E+00
];

DET_PIN_C = [
    1    1    1    1     1     1     1    1    1    1  2.38393E+14 0.00428 
    2    1    1    1     1     1     2    1    1    1  6.95869E+12 0.00423 
    3    1    1    1     1     1     3    1    1    1  2.17761E+15 0.00561 
    4    1    1    1     1     1     4    1    1    1  1.38040E+15 0.00460 
    5    1    1    1     1     1     5    1    1    1  1.35680E+15 0.00434 
    6    1    1    1     1     1     6    1    1    1  6.82024E+07 0.00425 
    7    1    1    1     1     1     7    1    1    1  3.87471E+15 0.00493 
    8    1    1    1     1     1     8    1    1    1  3.71636E+15 0.00444 
    9    2    1    1     1     1     1    1    1    1  1.34746E+14 0.00765 
   10    2    1    1     1     1     2    1    1    1  3.17202E+13 0.00679 
   11    2    1    1     1     1     3    1    1    1  1.80612E+14 0.01257 
   12    2    1    1     1     1     4    1    1    1  1.72507E+14 0.01597 
   13    2    1    1     1     1     5    1    1    1  2.82799E+14 0.00546 
   14    2    1    1     1     1     6    1    1    1  3.39997E+12 0.00705 
   15    2    1    1     1     1     7    1    1    1  3.04883E+14 0.00912 
   16    2    1    1     1     1     8    1    1    1  5.49707E+14 0.00811 
];


DET_PIN_CE = [
 1.10000E-11  6.25000E-07  3.12506E-07
 6.25000E-07  1.96400E+01  9.82000E+00
];

DET_PIN_D = [
    1    1    1    1     1     1     1    1    1    1  8.07095E+13 0.00730 
    2    1    1    1     1     1     2    1    1    1  2.34917E+12 0.00715 
    3    1    1    1     1     1     3    1    1    1  7.37675E+14 0.00947 
    4    1    1    1     1     1     4    1    1    1  4.66936E+14 0.00796 
    5    1    1    1     1     1     5    1    1    1  4.58965E+14 0.00731 
    6    1    1    1     1     1     6    1    1    1  2.30270E+07 0.00717 
    7    1    1    1     1     1     7    1    1    1  1.31232E+15 0.00846 
    8    1    1    1     1     1     8    1    1    1  1.25534E+15 0.00762 
    9    2    1    1     1     1     1    1    1    1  4.65917E+13 0.01353 
   10    2    1    1     1     1     2    1    1    1  2.15500E+13 0.00907 
   11    2    1    1     1     1     3    1    1    1  6.10673E+13 0.01956 
   12    2    1    1     1     1     4    1    1    1  5.86107E+13 0.02712 
   13    2    1    1     1     1     5    1    1    1  9.54587E+13 0.00984 
   14    2    1    1     1     1     6    1    1    1  1.12806E+12 0.01162 
   15    2    1    1     1     1     7    1    1    1  1.04127E+14 0.01453 
   16    2    1    1     1     1     8    1    1    1  1.88125E+14 0.01325 
];


DET_PIN_DE = [
 1.10000E-11  6.25000E-07  3.12506E-07
 6.25000E-07  1.96400E+01  9.82000E+00
];
