
DET_FLUX_2G = [
    1    1    1    1     1     1     1    1    1    1  9.17992E+13 0.00158 
    2    2    1    1     1     1     1    1    1    1  5.90921E+14 0.00202 
];


DET_FLUX_2GE = [
 1.10000E-11  6.25000E-07  3.12506E-07
 6.25000E-07  1.96400E+01  9.82000E+00
];

DET_PIN_A = [
    1    1    1    1     1     1     1    1    1    1  7.36252E+14 0.00219 
    2    1    1    1     1     1     2    1    1    1  2.15635E+13 0.00218 
    3    1    1    1     1     1     3    1    1    1  6.85321E+15 0.00339 
    4    1    1    1     1     1     4    1    1    1  4.30580E+15 0.00254 
    5    1    1    1     1     1     5    1    1    1  4.19006E+15 0.00224 
    6    1    1    1     1     1     6    1    1    1  2.11292E+08 0.00219 
    7    1    1    1     1     1     7    1    1    1  1.21461E+16 0.00290 
    8    1    1    1     1     1     8    1    1    1  1.15879E+16 0.00235 
    9    2    1    1     1     1     1    1    1    1  4.34804E+14 0.00511 
   10    2    1    1     1     1     2    1    1    1  6.82324E+13 0.00437 
   11    2    1    1     1     1     3    1    1    1  5.90557E+14 0.00753 
   12    2    1    1     1     1     4    1    1    1  5.69432E+14 0.00962 
   13    2    1    1     1     1     5    1    1    1  9.25952E+14 0.00375 
   14    2    1    1     1     1     6    1    1    1  1.16382E+13 0.00460 
   15    2    1    1     1     1     7    1    1    1  1.01362E+15 0.00579 
   16    2    1    1     1     1     8    1    1    1  1.78704E+15 0.00537 
];


DET_PIN_AE = [
 1.10000E-11  6.25000E-07  3.12506E-07
 6.25000E-07  1.96400E+01  9.82000E+00
];

DET_PIN_B = [
    1    1    1    1     1     1     1    1    1    1  4.53655E+14 0.00296 
    2    1    1    1     1     1     2    1    1    1  1.32710E+13 0.00294 
    3    1    1    1     1     1     3    1    1    1  4.17423E+15 0.00432 
    4    1    1    1     1     1     4    1    1    1  2.63788E+15 0.00338 
    5    1    1    1     1     1     5    1    1    1  2.58253E+15 0.00301 
    6    1    1    1     1     1     6    1    1    1  1.30050E+08 0.00295 
    7    1    1    1     1     1     7    1    1    1  7.41648E+15 0.00373 
    8    1    1    1     1     1     8    1    1    1  7.10072E+15 0.00320 
    9    2    1    1     1     1     1    1    1    1  2.67162E+14 0.00569 
   10    2    1    1     1     1     2    1    1    1  4.65034E+13 0.00517 
   11    2    1    1     1     1     3    1    1    1  3.58338E+14 0.00898 
   12    2    1    1     1     1     4    1    1    1  3.46119E+14 0.01222 
   13    2    1    1     1     1     5    1    1    1  5.61145E+14 0.00465 
   14    2    1    1     1     1     6    1    1    1  6.88799E+12 0.00546 
   15    2    1    1     1     1     7    1    1    1  6.12912E+14 0.00696 
   16    2    1    1     1     1     8    1    1    1  1.08135E+15 0.00624 
];


DET_PIN_BE = [
 1.10000E-11  6.25000E-07  3.12506E-07
 6.25000E-07  1.96400E+01  9.82000E+00
];

DET_PIN_C = [
    1    1    1    1     1     1     1    1    1    1  2.36254E+14 0.00435 
    2    1    1    1     1     1     2    1    1    1  6.89480E+12 0.00426 
    3    1    1    1     1     1     3    1    1    1  2.14723E+15 0.00583 
    4    1    1    1     1     1     4    1    1    1  1.36232E+15 0.00465 
    5    1    1    1     1     1     5    1    1    1  1.34482E+15 0.00438 
    6    1    1    1     1     1     6    1    1    1  6.75769E+07 0.00427 
    7    1    1    1     1     1     7    1    1    1  3.82528E+15 0.00517 
    8    1    1    1     1     1     8    1    1    1  3.66768E+15 0.00445 
    9    2    1    1     1     1     1    1    1    1  1.33636E+14 0.00779 
   10    2    1    1     1     1     2    1    1    1  3.16058E+13 0.00669 
   11    2    1    1     1     1     3    1    1    1  1.78469E+14 0.01228 
   12    2    1    1     1     1     4    1    1    1  1.74758E+14 0.01644 
   13    2    1    1     1     1     5    1    1    1  2.81730E+14 0.00575 
   14    2    1    1     1     1     6    1    1    1  3.39329E+12 0.00713 
   15    2    1    1     1     1     7    1    1    1  3.04609E+14 0.00925 
   16    2    1    1     1     1     8    1    1    1  5.47100E+14 0.00838 
];


DET_PIN_CE = [
 1.10000E-11  6.25000E-07  3.12506E-07
 6.25000E-07  1.96400E+01  9.82000E+00
];

DET_PIN_D = [
    1    1    1    1     1     1     1    1    1    1  8.18991E+13 0.00712 
    2    1    1    1     1     1     2    1    1    1  2.38480E+12 0.00707 
    3    1    1    1     1     1     3    1    1    1  7.51296E+14 0.00919 
    4    1    1    1     1     1     4    1    1    1  4.74121E+14 0.00760 
    5    1    1    1     1     1     5    1    1    1  4.65905E+14 0.00721 
    6    1    1    1     1     1     6    1    1    1  2.33757E+07 0.00708 
    7    1    1    1     1     1     7    1    1    1  1.33584E+15 0.00825 
    8    1    1    1     1     1     8    1    1    1  1.27437E+15 0.00732 
    9    2    1    1     1     1     1    1    1    1  4.54475E+13 0.01281 
   10    2    1    1     1     1     2    1    1    1  2.16756E+13 0.00960 
   11    2    1    1     1     1     3    1    1    1  6.22459E+13 0.02047 
   12    2    1    1     1     1     4    1    1    1  5.90447E+13 0.02816 
   13    2    1    1     1     1     5    1    1    1  9.55270E+13 0.00953 
   14    2    1    1     1     1     6    1    1    1  1.13245E+12 0.01139 
   15    2    1    1     1     1     7    1    1    1  1.03765E+14 0.01445 
   16    2    1    1     1     1     8    1    1    1  1.85168E+14 0.01407 
];


DET_PIN_DE = [
 1.10000E-11  6.25000E-07  3.12506E-07
 6.25000E-07  1.96400E+01  9.82000E+00
];
