
DET_FLUX_2G = [
    1    1    1    1     1     1     1    1    1    1  8.40803E+13 0.00193 
    2    2    1    1     1     1     1    1    1    1  7.20385E+14 0.00211 
];


DET_FLUX_2GE = [
 1.10000E-11  6.25000E-07  3.12506E-07
 6.25000E-07  1.96400E+01  9.82000E+00
];

DET_PIN_A = [
    1    1    1    1     1     1     1    1    1    1  6.63259E+14 0.00269 
    2    1    1    1     1     1     2    1    1    1  1.95897E+13 0.00273 
    3    1    1    1     1     1     3    1    1    1  5.72788E+15 0.00328 
    4    1    1    1     1     1     4    1    1    1  3.72318E+15 0.00266 
    5    1    1    1     1     1     5    1    1    1  3.80188E+15 0.00278 
    6    1    1    1     1     1     6    1    1    1  1.91959E+08 0.00274 
    7    1    1    1     1     1     7    1    1    1  1.03363E+16 0.00283 
    8    1    1    1     1     1     8    1    1    1  1.01092E+16 0.00264 
    9    2    1    1     1     1     1    1    1    1  5.35168E+14 0.00492 
   10    2    1    1     1     1     2    1    1    1  8.32880E+13 0.00446 
   11    2    1    1     1     1     3    1    1    1  6.89532E+14 0.00710 
   12    2    1    1     1     1     4    1    1    1  6.73460E+14 0.00938 
   13    2    1    1     1     1     5    1    1    1  1.10175E+15 0.00374 
   14    2    1    1     1     1     6    1    1    1  1.42792E+13 0.00473 
   15    2    1    1     1     1     7    1    1    1  1.18219E+15 0.00535 
   16    2    1    1     1     1     8    1    1    1  2.11519E+15 0.00463 
];


DET_PIN_AE = [
 1.10000E-11  6.25000E-07  3.12506E-07
 6.25000E-07  1.96400E+01  9.82000E+00
];

DET_PIN_B = [
    1    1    1    1     1     1     1    1    1    1  4.12520E+14 0.00349 
    2    1    1    1     1     1     2    1    1    1  1.21496E+13 0.00348 
    3    1    1    1     1     1     3    1    1    1  3.57095E+15 0.00406 
    4    1    1    1     1     1     4    1    1    1  2.31767E+15 0.00334 
    5    1    1    1     1     1     5    1    1    1  2.36148E+15 0.00358 
    6    1    1    1     1     1     6    1    1    1  1.19065E+08 0.00350 
    7    1    1    1     1     1     7    1    1    1  6.43813E+15 0.00355 
    8    1    1    1     1     1     8    1    1    1  6.28608E+15 0.00330 
    9    2    1    1     1     1     1    1    1    1  3.28423E+14 0.00633 
   10    2    1    1     1     1     2    1    1    1  5.68490E+13 0.00558 
   11    2    1    1     1     1     3    1    1    1  4.15591E+14 0.00853 
   12    2    1    1     1     1     4    1    1    1  4.10547E+14 0.01134 
   13    2    1    1     1     1     5    1    1    1  6.69880E+14 0.00472 
   14    2    1    1     1     1     6    1    1    1  8.52797E+12 0.00511 
   15    2    1    1     1     1     7    1    1    1  7.09803E+14 0.00670 
   16    2    1    1     1     1     8    1    1    1  1.29821E+15 0.00565 
];


DET_PIN_BE = [
 1.10000E-11  6.25000E-07  3.12506E-07
 6.25000E-07  1.96400E+01  9.82000E+00
];

DET_PIN_C = [
    1    1    1    1     1     1     1    1    1    1  2.13924E+14 0.00488 
    2    1    1    1     1     1     2    1    1    1  6.28888E+12 0.00482 
    3    1    1    1     1     1     3    1    1    1  1.85753E+15 0.00550 
    4    1    1    1     1     1     4    1    1    1  1.20210E+15 0.00476 
    5    1    1    1     1     1     5    1    1    1  1.22442E+15 0.00498 
    6    1    1    1     1     1     6    1    1    1  6.16341E+07 0.00484 
    7    1    1    1     1     1     7    1    1    1  3.34759E+15 0.00494 
    8    1    1    1     1     1     8    1    1    1  3.25516E+15 0.00469 
    9    2    1    1     1     1     1    1    1    1  1.66193E+14 0.00851 
   10    2    1    1     1     1     2    1    1    1  3.88717E+13 0.00683 
   11    2    1    1     1     1     3    1    1    1  2.13396E+14 0.01095 
   12    2    1    1     1     1     4    1    1    1  2.10901E+14 0.01603 
   13    2    1    1     1     1     5    1    1    1  3.37417E+14 0.00628 
   14    2    1    1     1     1     6    1    1    1  4.17997E+12 0.00713 
   15    2    1    1     1     1     7    1    1    1  3.58487E+14 0.00833 
   16    2    1    1     1     1     8    1    1    1  6.61548E+14 0.00805 
];


DET_PIN_CE = [
 1.10000E-11  6.25000E-07  3.12506E-07
 6.25000E-07  1.96400E+01  9.82000E+00
];

DET_PIN_D = [
    1    1    1    1     1     1     1    1    1    1  7.17103E+13 0.00757 
    2    1    1    1     1     1     2    1    1    1  2.10253E+12 0.00751 
    3    1    1    1     1     1     3    1    1    1  6.26564E+14 0.00818 
    4    1    1    1     1     1     4    1    1    1  4.04334E+14 0.00726 
    5    1    1    1     1     1     5    1    1    1  4.09980E+14 0.00772 
    6    1    1    1     1     1     6    1    1    1  2.06073E+07 0.00753 
    7    1    1    1     1     1     7    1    1    1  1.12733E+15 0.00749 
    8    1    1    1     1     1     8    1    1    1  1.09282E+15 0.00719 
    9    2    1    1     1     1     1    1    1    1  5.84391E+13 0.01385 
   10    2    1    1     1     1     2    1    1    1  2.68661E+13 0.00900 
   11    2    1    1     1     1     3    1    1    1  7.24418E+13 0.01758 
   12    2    1    1     1     1     4    1    1    1  7.09939E+13 0.02332 
   13    2    1    1     1     1     5    1    1    1  1.16232E+14 0.01018 
   14    2    1    1     1     1     6    1    1    1  1.38470E+12 0.01084 
   15    2    1    1     1     1     7    1    1    1  1.22776E+14 0.01323 
   16    2    1    1     1     1     8    1    1    1  2.25651E+14 0.01175 
];


DET_PIN_DE = [
 1.10000E-11  6.25000E-07  3.12506E-07
 6.25000E-07  1.96400E+01  9.82000E+00
];
