
DET_FLUX_2G = [
    1    1    1    1     1     1     1    1    1    1  9.35882E+13 0.00163 
    2    2    1    1     1     1     1    1    1    1  5.77271E+14 0.00210 
];


DET_FLUX_2GE = [
 1.10000E-11  6.25000E-07  3.12506E-07
 6.25000E-07  1.96400E+01  9.82000E+00
];

DET_PIN_A = [
    1    1    1    1     1     1     1    1    1    1  7.52387E+14 0.00202 
    2    1    1    1     1     1     2    1    1    1  2.20159E+13 0.00201 
    3    1    1    1     1     1     3    1    1    1  6.95398E+15 0.00365 
    4    1    1    1     1     1     4    1    1    1  4.37897E+15 0.00260 
    5    1    1    1     1     1     5    1    1    1  4.28365E+15 0.00203 
    6    1    1    1     1     1     6    1    1    1  2.15749E+08 0.00201 
    7    1    1    1     1     1     7    1    1    1  1.23452E+16 0.00308 
    8    1    1    1     1     1     8    1    1    1  1.17916E+16 0.00238 
    9    2    1    1     1     1     1    1    1    1  4.26756E+14 0.00479 
   10    2    1    1     1     1     2    1    1    1  6.67553E+13 0.00438 
   11    2    1    1     1     1     3    1    1    1  5.86545E+14 0.00763 
   12    2    1    1     1     1     4    1    1    1  5.70320E+14 0.01058 
   13    2    1    1     1     1     5    1    1    1  9.05141E+14 0.00364 
   14    2    1    1     1     1     6    1    1    1  1.12999E+13 0.00465 
   15    2    1    1     1     1     7    1    1    1  9.96780E+14 0.00569 
   16    2    1    1     1     1     8    1    1    1  1.75683E+15 0.00546 
];


DET_PIN_AE = [
 1.10000E-11  6.25000E-07  3.12506E-07
 6.25000E-07  1.96400E+01  9.82000E+00
];

DET_PIN_B = [
    1    1    1    1     1     1     1    1    1    1  4.71052E+14 0.00291 
    2    1    1    1     1     1     2    1    1    1  1.37580E+13 0.00288 
    3    1    1    1     1     1     3    1    1    1  4.28648E+15 0.00424 
    4    1    1    1     1     1     4    1    1    1  2.72077E+15 0.00325 
    5    1    1    1     1     1     5    1    1    1  2.68227E+15 0.00296 
    6    1    1    1     1     1     6    1    1    1  1.34846E+08 0.00289 
    7    1    1    1     1     1     7    1    1    1  7.63398E+15 0.00363 
    8    1    1    1     1     1     8    1    1    1  7.33241E+15 0.00305 
    9    2    1    1     1     1     1    1    1    1  2.60687E+14 0.00571 
   10    2    1    1     1     1     2    1    1    1  4.55356E+13 0.00532 
   11    2    1    1     1     1     3    1    1    1  3.51838E+14 0.00941 
   12    2    1    1     1     1     4    1    1    1  3.36234E+14 0.01230 
   13    2    1    1     1     1     5    1    1    1  5.51420E+14 0.00428 
   14    2    1    1     1     1     6    1    1    1  6.70794E+12 0.00534 
   15    2    1    1     1     1     7    1    1    1  6.00435E+14 0.00671 
   16    2    1    1     1     1     8    1    1    1  1.06127E+15 0.00625 
];


DET_PIN_BE = [
 1.10000E-11  6.25000E-07  3.12506E-07
 6.25000E-07  1.96400E+01  9.82000E+00
];

DET_PIN_C = [
    1    1    1    1     1     1     1    1    1    1  2.43986E+14 0.00438 
    2    1    1    1     1     1     2    1    1    1  7.11389E+12 0.00428 
    3    1    1    1     1     1     3    1    1    1  2.22176E+15 0.00599 
    4    1    1    1     1     1     4    1    1    1  1.41135E+15 0.00480 
    5    1    1    1     1     1     5    1    1    1  1.38853E+15 0.00441 
    6    1    1    1     1     1     6    1    1    1  6.97299E+07 0.00429 
    7    1    1    1     1     1     7    1    1    1  3.95551E+15 0.00529 
    8    1    1    1     1     1     8    1    1    1  3.80085E+15 0.00454 
    9    2    1    1     1     1     1    1    1    1  1.34441E+14 0.00807 
   10    2    1    1     1     1     2    1    1    1  3.07794E+13 0.00670 
   11    2    1    1     1     1     3    1    1    1  1.79826E+14 0.01285 
   12    2    1    1     1     1     4    1    1    1  1.70692E+14 0.01654 
   13    2    1    1     1     1     5    1    1    1  2.80070E+14 0.00568 
   14    2    1    1     1     1     6    1    1    1  3.30602E+12 0.00696 
   15    2    1    1     1     1     7    1    1    1  3.06793E+14 0.00963 
   16    2    1    1     1     1     8    1    1    1  5.39740E+14 0.00841 
];


DET_PIN_CE = [
 1.10000E-11  6.25000E-07  3.12506E-07
 6.25000E-07  1.96400E+01  9.82000E+00
];

DET_PIN_D = [
    1    1    1    1     1     1     1    1    1    1  8.11387E+13 0.00717 
    2    1    1    1     1     1     2    1    1    1  2.36612E+12 0.00698 
    3    1    1    1     1     1     3    1    1    1  7.36575E+14 0.00976 
    4    1    1    1     1     1     4    1    1    1  4.66828E+14 0.00780 
    5    1    1    1     1     1     5    1    1    1  4.61999E+14 0.00719 
    6    1    1    1     1     1     6    1    1    1  2.31930E+07 0.00700 
    7    1    1    1     1     1     7    1    1    1  1.31274E+15 0.00868 
    8    1    1    1     1     1     8    1    1    1  1.25756E+15 0.00738 
    9    2    1    1     1     1     1    1    1    1  4.55402E+13 0.01316 
   10    2    1    1     1     1     2    1    1    1  2.10316E+13 0.00890 
   11    2    1    1     1     1     3    1    1    1  5.87014E+13 0.02085 
   12    2    1    1     1     1     4    1    1    1  5.71909E+13 0.02721 
   13    2    1    1     1     1     5    1    1    1  9.33870E+13 0.00966 
   14    2    1    1     1     1     6    1    1    1  1.10375E+12 0.01131 
   15    2    1    1     1     1     7    1    1    1  1.00027E+14 0.01496 
   16    2    1    1     1     1     8    1    1    1  1.82859E+14 0.01334 
];


DET_PIN_DE = [
 1.10000E-11  6.25000E-07  3.12506E-07
 6.25000E-07  1.96400E+01  9.82000E+00
];
