
DET_FLUX_2G = [
    1    1    1    1     1     1     1    1    1    1  8.57807E+13 0.00173 
    2    2    1    1     1     1     1    1    1    1  6.60514E+14 0.00217 
];


DET_FLUX_2GE = [
 1.10000E-11  6.25000E-07  3.12506E-07
 6.25000E-07  1.96400E+01  9.82000E+00
];

DET_PIN_A = [
    1    1    1    1     1     1     1    1    1    1  6.78330E+14 0.00259 
    2    1    1    1     1     1     2    1    1    1  2.00007E+13 0.00259 
    3    1    1    1     1     1     3    1    1    1  5.99356E+15 0.00316 
    4    1    1    1     1     1     4    1    1    1  3.85673E+15 0.00261 
    5    1    1    1     1     1     5    1    1    1  3.87955E+15 0.00266 
    6    1    1    1     1     1     6    1    1    1  1.95979E+08 0.00260 
    7    1    1    1     1     1     7    1    1    1  1.07534E+16 0.00275 
    8    1    1    1     1     1     8    1    1    1  1.04520E+16 0.00257 
    9    2    1    1     1     1     1    1    1    1  4.86861E+14 0.00501 
   10    2    1    1     1     1     2    1    1    1  7.61420E+13 0.00469 
   11    2    1    1     1     1     3    1    1    1  6.42688E+14 0.00736 
   12    2    1    1     1     1     4    1    1    1  6.23287E+14 0.00932 
   13    2    1    1     1     1     5    1    1    1  1.01180E+15 0.00385 
   14    2    1    1     1     1     6    1    1    1  1.30184E+13 0.00442 
   15    2    1    1     1     1     7    1    1    1  1.09728E+15 0.00557 
   16    2    1    1     1     1     8    1    1    1  1.96323E+15 0.00523 
];


DET_PIN_AE = [
 1.10000E-11  6.25000E-07  3.12506E-07
 6.25000E-07  1.96400E+01  9.82000E+00
];

DET_PIN_B = [
    1    1    1    1     1     1     1    1    1    1  4.24752E+14 0.00310 
    2    1    1    1     1     1     2    1    1    1  1.24802E+13 0.00311 
    3    1    1    1     1     1     3    1    1    1  3.75142E+15 0.00406 
    4    1    1    1     1     1     4    1    1    1  2.41118E+15 0.00319 
    5    1    1    1     1     1     5    1    1    1  2.42766E+15 0.00319 
    6    1    1    1     1     1     6    1    1    1  1.22306E+08 0.00312 
    7    1    1    1     1     1     7    1    1    1  6.73177E+15 0.00353 
    8    1    1    1     1     1     8    1    1    1  6.52314E+15 0.00309 
    9    2    1    1     1     1     1    1    1    1  3.00693E+14 0.00627 
   10    2    1    1     1     1     2    1    1    1  5.25173E+13 0.00556 
   11    2    1    1     1     1     3    1    1    1  3.94179E+14 0.00885 
   12    2    1    1     1     1     4    1    1    1  3.83995E+14 0.01166 
   13    2    1    1     1     1     5    1    1    1  6.17413E+14 0.00466 
   14    2    1    1     1     1     6    1    1    1  7.81739E+12 0.00511 
   15    2    1    1     1     1     7    1    1    1  6.66324E+14 0.00661 
   16    2    1    1     1     1     8    1    1    1  1.19981E+15 0.00565 
];


DET_PIN_BE = [
 1.10000E-11  6.25000E-07  3.12506E-07
 6.25000E-07  1.96400E+01  9.82000E+00
];

DET_PIN_C = [
    1    1    1    1     1     1     1    1    1    1  2.14626E+14 0.00502 
    2    1    1    1     1     1     2    1    1    1  6.30693E+12 0.00492 
    3    1    1    1     1     1     3    1    1    1  1.88879E+15 0.00587 
    4    1    1    1     1     1     4    1    1    1  1.21612E+15 0.00511 
    5    1    1    1     1     1     5    1    1    1  1.22680E+15 0.00508 
    6    1    1    1     1     1     6    1    1    1  6.18081E+07 0.00493 
    7    1    1    1     1     1     7    1    1    1  3.39170E+15 0.00531 
    8    1    1    1     1     1     8    1    1    1  3.29046E+15 0.00496 
    9    2    1    1     1     1     1    1    1    1  1.50231E+14 0.00811 
   10    2    1    1     1     1     2    1    1    1  3.49997E+13 0.00698 
   11    2    1    1     1     1     3    1    1    1  2.00237E+14 0.01109 
   12    2    1    1     1     1     4    1    1    1  1.95518E+14 0.01453 
   13    2    1    1     1     1     5    1    1    1  3.09372E+14 0.00582 
   14    2    1    1     1     1     6    1    1    1  3.84971E+12 0.00673 
   15    2    1    1     1     1     7    1    1    1  3.33780E+14 0.00805 
   16    2    1    1     1     1     8    1    1    1  6.02961E+14 0.00753 
];


DET_PIN_CE = [
 1.10000E-11  6.25000E-07  3.12506E-07
 6.25000E-07  1.96400E+01  9.82000E+00
];

DET_PIN_D = [
    1    1    1    1     1     1     1    1    1    1  7.43740E+13 0.00764 
    2    1    1    1     1     1     2    1    1    1  2.18373E+12 0.00761 
    3    1    1    1     1     1     3    1    1    1  6.50190E+14 0.00834 
    4    1    1    1     1     1     4    1    1    1  4.20233E+14 0.00756 
    5    1    1    1     1     1     5    1    1    1  4.25088E+14 0.00776 
    6    1    1    1     1     1     6    1    1    1  2.14028E+07 0.00763 
    7    1    1    1     1     1     7    1    1    1  1.16908E+15 0.00762 
    8    1    1    1     1     1     8    1    1    1  1.13819E+15 0.00749 
    9    2    1    1     1     1     1    1    1    1  5.29355E+13 0.01351 
   10    2    1    1     1     1     2    1    1    1  2.39956E+13 0.00933 
   11    2    1    1     1     1     3    1    1    1  6.86557E+13 0.01751 
   12    2    1    1     1     1     4    1    1    1  6.53266E+13 0.02549 
   13    2    1    1     1     1     5    1    1    1  1.07579E+14 0.01001 
   14    2    1    1     1     1     6    1    1    1  1.27055E+12 0.01109 
   15    2    1    1     1     1     7    1    1    1  1.15741E+14 0.01332 
   16    2    1    1     1     1     8    1    1    1  2.07989E+14 0.01269 
];


DET_PIN_DE = [
 1.10000E-11  6.25000E-07  3.12506E-07
 6.25000E-07  1.96400E+01  9.82000E+00
];
