
DET_FLUX_2G = [
    1    1    1    1     1     1     1    1    1    1  9.71078E+13 0.00152 
    2    2    1    1     1     1     1    1    1    1  5.66946E+14 0.00211 
];


DET_FLUX_2GE = [
 1.10000E-11  6.25000E-07  3.12506E-07
 6.25000E-07  1.96400E+01  9.82000E+00
];

DET_PIN_A = [
    1    1    1    1     1     1     1    1    1    1  7.85810E+14 0.00198 
    2    1    1    1     1     1     2    1    1    1  2.29259E+13 0.00194 
    3    1    1    1     1     1     3    1    1    1  7.42649E+15 0.00377 
    4    1    1    1     1     1     4    1    1    1  4.62490E+15 0.00266 
    5    1    1    1     1     1     5    1    1    1  4.46331E+15 0.00199 
    6    1    1    1     1     1     6    1    1    1  2.24658E+08 0.00195 
    7    1    1    1     1     1     7    1    1    1  1.31171E+16 0.00320 
    8    1    1    1     1     1     8    1    1    1  1.24119E+16 0.00242 
    9    2    1    1     1     1     1    1    1    1  4.17521E+14 0.00472 
   10    2    1    1     1     1     2    1    1    1  6.51950E+13 0.00441 
   11    2    1    1     1     1     3    1    1    1  5.76442E+14 0.00735 
   12    2    1    1     1     1     4    1    1    1  5.50064E+14 0.00957 
   13    2    1    1     1     1     5    1    1    1  8.89916E+14 0.00353 
   14    2    1    1     1     1     6    1    1    1  1.10928E+13 0.00456 
   15    2    1    1     1     1     7    1    1    1  9.81197E+14 0.00557 
   16    2    1    1     1     1     8    1    1    1  1.73326E+15 0.00508 
];


DET_PIN_AE = [
 1.10000E-11  6.25000E-07  3.12506E-07
 6.25000E-07  1.96400E+01  9.82000E+00
];

DET_PIN_B = [
    1    1    1    1     1     1     1    1    1    1  4.88067E+14 0.00271 
    2    1    1    1     1     1     2    1    1    1  1.42379E+13 0.00266 
    3    1    1    1     1     1     3    1    1    1  4.53360E+15 0.00455 
    4    1    1    1     1     1     4    1    1    1  2.84901E+15 0.00329 
    5    1    1    1     1     1     5    1    1    1  2.77467E+15 0.00272 
    6    1    1    1     1     1     6    1    1    1  1.39543E+08 0.00267 
    7    1    1    1     1     1     7    1    1    1  8.03607E+15 0.00391 
    8    1    1    1     1     1     8    1    1    1  7.66559E+15 0.00304 
    9    2    1    1     1     1     1    1    1    1  2.55271E+14 0.00607 
   10    2    1    1     1     1     2    1    1    1  4.48079E+13 0.00512 
   11    2    1    1     1     1     3    1    1    1  3.47706E+14 0.00969 
   12    2    1    1     1     1     4    1    1    1  3.33997E+14 0.01202 
   13    2    1    1     1     1     5    1    1    1  5.39546E+14 0.00441 
   14    2    1    1     1     1     6    1    1    1  6.53397E+12 0.00559 
   15    2    1    1     1     1     7    1    1    1  5.93033E+14 0.00700 
   16    2    1    1     1     1     8    1    1    1  1.04818E+15 0.00646 
];


DET_PIN_BE = [
 1.10000E-11  6.25000E-07  3.12506E-07
 6.25000E-07  1.96400E+01  9.82000E+00
];

DET_PIN_C = [
    1    1    1    1     1     1     1    1    1    1  2.51772E+14 0.00428 
    2    1    1    1     1     1     2    1    1    1  7.32299E+12 0.00422 
    3    1    1    1     1     1     3    1    1    1  2.31865E+15 0.00603 
    4    1    1    1     1     1     4    1    1    1  1.46072E+15 0.00467 
    5    1    1    1     1     1     5    1    1    1  1.43127E+15 0.00432 
    6    1    1    1     1     1     6    1    1    1  7.17831E+07 0.00423 
    7    1    1    1     1     1     7    1    1    1  4.11836E+15 0.00532 
    8    1    1    1     1     1     8    1    1    1  3.92664E+15 0.00442 
    9    2    1    1     1     1     1    1    1    1  1.29397E+14 0.00789 
   10    2    1    1     1     1     2    1    1    1  3.02781E+13 0.00676 
   11    2    1    1     1     1     3    1    1    1  1.74675E+14 0.01364 
   12    2    1    1     1     1     4    1    1    1  1.68984E+14 0.01548 
   13    2    1    1     1     1     5    1    1    1  2.71512E+14 0.00555 
   14    2    1    1     1     1     6    1    1    1  3.23800E+12 0.00720 
   15    2    1    1     1     1     7    1    1    1  2.93148E+14 0.00974 
   16    2    1    1     1     1     8    1    1    1  5.29457E+14 0.00808 
];


DET_PIN_CE = [
 1.10000E-11  6.25000E-07  3.12506E-07
 6.25000E-07  1.96400E+01  9.82000E+00
];

DET_PIN_D = [
    1    1    1    1     1     1     1    1    1    1  8.50546E+13 0.00746 
    2    1    1    1     1     1     2    1    1    1  2.46866E+12 0.00733 
    3    1    1    1     1     1     3    1    1    1  7.94644E+14 0.01021 
    4    1    1    1     1     1     4    1    1    1  4.98440E+14 0.00799 
    5    1    1    1     1     1     5    1    1    1  4.82680E+14 0.00751 
    6    1    1    1     1     1     6    1    1    1  2.41975E+07 0.00735 
    7    1    1    1     1     1     7    1    1    1  1.40649E+15 0.00911 
    8    1    1    1     1     1     8    1    1    1  1.33573E+15 0.00763 
    9    2    1    1     1     1     1    1    1    1  4.41934E+13 0.01288 
   10    2    1    1     1     1     2    1    1    1  2.06164E+13 0.00963 
   11    2    1    1     1     1     3    1    1    1  6.14798E+13 0.02126 
   12    2    1    1     1     1     4    1    1    1  5.71210E+13 0.02659 
   13    2    1    1     1     1     5    1    1    1  9.11007E+13 0.00933 
   14    2    1    1     1     1     6    1    1    1  1.07580E+12 0.01131 
   15    2    1    1     1     1     7    1    1    1  1.03445E+14 0.01601 
   16    2    1    1     1     1     8    1    1    1  1.80952E+14 0.01435 
];


DET_PIN_DE = [
 1.10000E-11  6.25000E-07  3.12506E-07
 6.25000E-07  1.96400E+01  9.82000E+00
];
