
DET_FLUX_2G = [
    1    1    1    1     1     1     1    1    1    1  8.65785E+13 0.00170 
    2    2    1    1     1     1     1    1    1    1  6.44416E+14 0.00213 
];


DET_FLUX_2GE = [
 1.10000E-11  6.25000E-07  3.12506E-07
 6.25000E-07  1.96400E+01  9.82000E+00
];

DET_PIN_A = [
    1    1    1    1     1     1     1    1    1    1  6.84945E+14 0.00241 
    2    1    1    1     1     1     2    1    1    1  2.01627E+13 0.00241 
    3    1    1    1     1     1     3    1    1    1  6.12334E+15 0.00343 
    4    1    1    1     1     1     4    1    1    1  3.91185E+15 0.00255 
    5    1    1    1     1     1     5    1    1    1  3.91391E+15 0.00250 
    6    1    1    1     1     1     6    1    1    1  1.97565E+08 0.00242 
    7    1    1    1     1     1     7    1    1    1  1.09583E+16 0.00291 
    8    1    1    1     1     1     8    1    1    1  1.05800E+16 0.00245 
    9    2    1    1     1     1     1    1    1    1  4.71930E+14 0.00491 
   10    2    1    1     1     1     2    1    1    1  7.39407E+13 0.00442 
   11    2    1    1     1     1     3    1    1    1  6.39113E+14 0.00748 
   12    2    1    1     1     1     4    1    1    1  6.16943E+14 0.00865 
   13    2    1    1     1     1     5    1    1    1  9.91038E+14 0.00365 
   14    2    1    1     1     1     6    1    1    1  1.26756E+13 0.00451 
   15    2    1    1     1     1     7    1    1    1  1.08849E+15 0.00552 
   16    2    1    1     1     1     8    1    1    1  1.92575E+15 0.00460 
];


DET_PIN_AE = [
 1.10000E-11  6.25000E-07  3.12506E-07
 6.25000E-07  1.96400E+01  9.82000E+00
];

DET_PIN_B = [
    1    1    1    1     1     1     1    1    1    1  4.29380E+14 0.00312 
    2    1    1    1     1     1     2    1    1    1  1.26185E+13 0.00308 
    3    1    1    1     1     1     3    1    1    1  3.82724E+15 0.00417 
    4    1    1    1     1     1     4    1    1    1  2.44590E+15 0.00331 
    5    1    1    1     1     1     5    1    1    1  2.45289E+15 0.00318 
    6    1    1    1     1     1     6    1    1    1  1.23653E+08 0.00309 
    7    1    1    1     1     1     7    1    1    1  6.85368E+15 0.00362 
    8    1    1    1     1     1     8    1    1    1  6.61231E+15 0.00318 
    9    2    1    1     1     1     1    1    1    1  2.88180E+14 0.00582 
   10    2    1    1     1     1     2    1    1    1  5.10931E+13 0.00549 
   11    2    1    1     1     1     3    1    1    1  3.84204E+14 0.00874 
   12    2    1    1     1     1     4    1    1    1  3.72847E+14 0.01176 
   13    2    1    1     1     1     5    1    1    1  6.02000E+14 0.00423 
   14    2    1    1     1     1     6    1    1    1  7.54299E+12 0.00532 
   15    2    1    1     1     1     7    1    1    1  6.47882E+14 0.00636 
   16    2    1    1     1     1     8    1    1    1  1.17359E+15 0.00630 
];


DET_PIN_BE = [
 1.10000E-11  6.25000E-07  3.12506E-07
 6.25000E-07  1.96400E+01  9.82000E+00
];

DET_PIN_C = [
    1    1    1    1     1     1     1    1    1    1  2.20158E+14 0.00434 
    2    1    1    1     1     1     2    1    1    1  6.45018E+12 0.00428 
    3    1    1    1     1     1     3    1    1    1  1.96698E+15 0.00552 
    4    1    1    1     1     1     4    1    1    1  1.25614E+15 0.00446 
    5    1    1    1     1     1     5    1    1    1  1.25651E+15 0.00441 
    6    1    1    1     1     1     6    1    1    1  6.32161E+07 0.00429 
    7    1    1    1     1     1     7    1    1    1  3.51978E+15 0.00482 
    8    1    1    1     1     1     8    1    1    1  3.39134E+15 0.00428 
    9    2    1    1     1     1     1    1    1    1  1.46468E+14 0.00812 
   10    2    1    1     1     1     2    1    1    1  3.43248E+13 0.00726 
   11    2    1    1     1     1     3    1    1    1  1.93832E+14 0.01188 
   12    2    1    1     1     1     4    1    1    1  1.89518E+14 0.01475 
   13    2    1    1     1     1     5    1    1    1  3.01853E+14 0.00598 
   14    2    1    1     1     1     6    1    1    1  3.78923E+12 0.00683 
   15    2    1    1     1     1     7    1    1    1  3.29175E+14 0.00838 
   16    2    1    1     1     1     8    1    1    1  5.96795E+14 0.00782 
];


DET_PIN_CE = [
 1.10000E-11  6.25000E-07  3.12506E-07
 6.25000E-07  1.96400E+01  9.82000E+00
];

DET_PIN_D = [
    1    1    1    1     1     1     1    1    1    1  7.51508E+13 0.00718 
    2    1    1    1     1     1     2    1    1    1  2.20076E+12 0.00717 
    3    1    1    1     1     1     3    1    1    1  6.60634E+14 0.00813 
    4    1    1    1     1     1     4    1    1    1  4.26324E+14 0.00721 
    5    1    1    1     1     1     5    1    1    1  4.29260E+14 0.00730 
    6    1    1    1     1     1     6    1    1    1  2.15719E+07 0.00719 
    7    1    1    1     1     1     7    1    1    1  1.18623E+15 0.00737 
    8    1    1    1     1     1     8    1    1    1  1.15300E+15 0.00715 
    9    2    1    1     1     1     1    1    1    1  5.05197E+13 0.01272 
   10    2    1    1     1     1     2    1    1    1  2.38065E+13 0.00985 
   11    2    1    1     1     1     3    1    1    1  6.77710E+13 0.01774 
   12    2    1    1     1     1     4    1    1    1  6.41503E+13 0.02571 
   13    2    1    1     1     1     5    1    1    1  1.02706E+14 0.00942 
   14    2    1    1     1     1     6    1    1    1  1.23331E+12 0.01117 
   15    2    1    1     1     1     7    1    1    1  1.12504E+14 0.01343 
   16    2    1    1     1     1     8    1    1    1  2.05238E+14 0.01249 
];


DET_PIN_DE = [
 1.10000E-11  6.25000E-07  3.12506E-07
 6.25000E-07  1.96400E+01  9.82000E+00
];
