
DET_FLUX_2G = [
    1    1    1    1     1     1     1    1    1    1  9.63600E+13 0.00154 
    2    2    1    1     1     1     1    1    1    1  5.71757E+14 0.00207 
];


DET_FLUX_2GE = [
 1.10000E-11  6.25000E-07  3.12506E-07
 6.25000E-07  1.96400E+01  9.82000E+00
];

DET_PIN_A = [
    1    1    1    1     1     1     1    1    1    1  7.75022E+14 0.00204 
    2    1    1    1     1     1     2    1    1    1  2.26377E+13 0.00201 
    3    1    1    1     1     1     3    1    1    1  7.28439E+15 0.00371 
    4    1    1    1     1     1     4    1    1    1  4.55373E+15 0.00263 
    5    1    1    1     1     1     5    1    1    1  4.40372E+15 0.00205 
    6    1    1    1     1     1     6    1    1    1  2.21833E+08 0.00201 
    7    1    1    1     1     1     7    1    1    1  1.28793E+16 0.00314 
    8    1    1    1     1     1     8    1    1    1  1.22385E+16 0.00241 
    9    2    1    1     1     1     1    1    1    1  4.16609E+14 0.00490 
   10    2    1    1     1     1     2    1    1    1  6.56824E+13 0.00460 
   11    2    1    1     1     1     3    1    1    1  5.80438E+14 0.00776 
   12    2    1    1     1     1     4    1    1    1  5.56831E+14 0.00979 
   13    2    1    1     1     1     5    1    1    1  8.94863E+14 0.00372 
   14    2    1    1     1     1     6    1    1    1  1.11780E+13 0.00415 
   15    2    1    1     1     1     7    1    1    1  9.87741E+14 0.00568 
   16    2    1    1     1     1     8    1    1    1  1.74085E+15 0.00518 
];


DET_PIN_AE = [
 1.10000E-11  6.25000E-07  3.12506E-07
 6.25000E-07  1.96400E+01  9.82000E+00
];

DET_PIN_B = [
    1    1    1    1     1     1     1    1    1    1  4.85934E+14 0.00280 
    2    1    1    1     1     1     2    1    1    1  1.41631E+13 0.00277 
    3    1    1    1     1     1     3    1    1    1  4.50357E+15 0.00445 
    4    1    1    1     1     1     4    1    1    1  2.83432E+15 0.00324 
    5    1    1    1     1     1     5    1    1    1  2.76218E+15 0.00283 
    6    1    1    1     1     1     6    1    1    1  1.38814E+08 0.00278 
    7    1    1    1     1     1     7    1    1    1  7.98653E+15 0.00383 
    8    1    1    1     1     1     8    1    1    1  7.62120E+15 0.00305 
    9    2    1    1     1     1     1    1    1    1  2.55909E+14 0.00552 
   10    2    1    1     1     1     2    1    1    1  4.54394E+13 0.00512 
   11    2    1    1     1     1     3    1    1    1  3.51552E+14 0.00985 
   12    2    1    1     1     1     4    1    1    1  3.42553E+14 0.01165 
   13    2    1    1     1     1     5    1    1    1  5.44308E+14 0.00442 
   14    2    1    1     1     1     6    1    1    1  6.61925E+12 0.00523 
   15    2    1    1     1     1     7    1    1    1  6.00236E+14 0.00650 
   16    2    1    1     1     1     8    1    1    1  1.06799E+15 0.00587 
];


DET_PIN_BE = [
 1.10000E-11  6.25000E-07  3.12506E-07
 6.25000E-07  1.96400E+01  9.82000E+00
];

DET_PIN_C = [
    1    1    1    1     1     1     1    1    1    1  2.49101E+14 0.00409 
    2    1    1    1     1     1     2    1    1    1  7.25621E+12 0.00405 
    3    1    1    1     1     1     3    1    1    1  2.27139E+15 0.00595 
    4    1    1    1     1     1     4    1    1    1  1.44138E+15 0.00458 
    5    1    1    1     1     1     5    1    1    1  1.41704E+15 0.00413 
    6    1    1    1     1     1     6    1    1    1  7.11287E+07 0.00406 
    7    1    1    1     1     1     7    1    1    1  4.04215E+15 0.00521 
    8    1    1    1     1     1     8    1    1    1  3.88199E+15 0.00433 
    9    2    1    1     1     1     1    1    1    1  1.29922E+14 0.00781 
   10    2    1    1     1     1     2    1    1    1  3.10508E+13 0.00658 
   11    2    1    1     1     1     3    1    1    1  1.74920E+14 0.01347 
   12    2    1    1     1     1     4    1    1    1  1.75377E+14 0.01687 
   13    2    1    1     1     1     5    1    1    1  2.75733E+14 0.00582 
   14    2    1    1     1     1     6    1    1    1  3.26437E+12 0.00685 
   15    2    1    1     1     1     7    1    1    1  2.99018E+14 0.00952 
   16    2    1    1     1     1     8    1    1    1  5.42306E+14 0.00853 
];


DET_PIN_CE = [
 1.10000E-11  6.25000E-07  3.12506E-07
 6.25000E-07  1.96400E+01  9.82000E+00
];

DET_PIN_D = [
    1    1    1    1     1     1     1    1    1    1  8.47041E+13 0.00739 
    2    1    1    1     1     1     2    1    1    1  2.46191E+12 0.00723 
    3    1    1    1     1     1     3    1    1    1  7.82034E+14 0.01003 
    4    1    1    1     1     1     4    1    1    1  4.91518E+14 0.00790 
    5    1    1    1     1     1     5    1    1    1  4.81431E+14 0.00745 
    6    1    1    1     1     1     6    1    1    1  2.41324E+07 0.00725 
    7    1    1    1     1     1     7    1    1    1  1.38845E+15 0.00893 
    8    1    1    1     1     1     8    1    1    1  1.31962E+15 0.00755 
    9    2    1    1     1     1     1    1    1    1  4.36459E+13 0.01312 
   10    2    1    1     1     1     2    1    1    1  2.11182E+13 0.00887 
   11    2    1    1     1     1     3    1    1    1  5.87720E+13 0.02245 
   12    2    1    1     1     1     4    1    1    1  5.69928E+13 0.02787 
   13    2    1    1     1     1     5    1    1    1  9.17824E+13 0.00982 
   14    2    1    1     1     1     6    1    1    1  1.05396E+12 0.01164 
   15    2    1    1     1     1     7    1    1    1  9.91161E+13 0.01586 
   16    2    1    1     1     1     8    1    1    1  1.80667E+14 0.01452 
];


DET_PIN_DE = [
 1.10000E-11  6.25000E-07  3.12506E-07
 6.25000E-07  1.96400E+01  9.82000E+00
];
