
DET_FLUX_2G = [
    1    1    1    1     1     1     1    1    1    1  8.26997E+13 0.00230 
    2    2    1    1     1     1     1    1    1    1  8.86860E+14 0.00226 
];


DET_FLUX_2GE = [
 1.10000E-11  6.25000E-07  3.12506E-07
 6.25000E-07  1.96400E+01  9.82000E+00
];

DET_PIN_A = [
    1    1    1    1     1     1     1    1    1    1  6.38269E+14 0.00342 
    2    1    1    1     1     1     2    1    1    1  1.89485E+13 0.00339 
    3    1    1    1     1     1     3    1    1    1  5.40477E+15 0.00342 
    4    1    1    1     1     1     4    1    1    1  3.52387E+15 0.00307 
    5    1    1    1     1     1     5    1    1    1  3.67076E+15 0.00352 
    6    1    1    1     1     1     6    1    1    1  1.85655E+08 0.00340 
    7    1    1    1     1     1     7    1    1    1  9.81032E+15 0.00304 
    8    1    1    1     1     1     8    1    1    1  9.59931E+15 0.00313 
    9    2    1    1     1     1     1    1    1    1  6.55137E+14 0.00572 
   10    2    1    1     1     1     2    1    1    1  1.01980E+14 0.00456 
   11    2    1    1     1     1     3    1    1    1  8.16103E+14 0.00693 
   12    2    1    1     1     1     4    1    1    1  7.96908E+14 0.00881 
   13    2    1    1     1     1     5    1    1    1  1.31267E+15 0.00430 
   14    2    1    1     1     1     6    1    1    1  1.78685E+13 0.00449 
   15    2    1    1     1     1     7    1    1    1  1.39517E+15 0.00548 
   16    2    1    1     1     1     8    1    1    1  2.49754E+15 0.00478 
];


DET_PIN_AE = [
 1.10000E-11  6.25000E-07  3.12506E-07
 6.25000E-07  1.96400E+01  9.82000E+00
];

DET_PIN_B = [
    1    1    1    1     1     1     1    1    1    1  3.94798E+14 0.00419 
    2    1    1    1     1     1     2    1    1    1  1.16809E+13 0.00419 
    3    1    1    1     1     1     3    1    1    1  3.36665E+15 0.00449 
    4    1    1    1     1     1     4    1    1    1  2.18919E+15 0.00389 
    5    1    1    1     1     1     5    1    1    1  2.26734E+15 0.00430 
    6    1    1    1     1     1     6    1    1    1  1.14462E+08 0.00420 
    7    1    1    1     1     1     7    1    1    1  6.09872E+15 0.00398 
    8    1    1    1     1     1     8    1    1    1  5.95403E+15 0.00391 
    9    2    1    1     1     1     1    1    1    1  3.97876E+14 0.00658 
   10    2    1    1     1     1     2    1    1    1  7.06502E+13 0.00554 
   11    2    1    1     1     1     3    1    1    1  4.94726E+14 0.00833 
   12    2    1    1     1     1     4    1    1    1  4.95070E+14 0.01069 
   13    2    1    1     1     1     5    1    1    1  7.93987E+14 0.00483 
   14    2    1    1     1     1     6    1    1    1  1.05336E+13 0.00522 
   15    2    1    1     1     1     7    1    1    1  8.37778E+14 0.00607 
   16    2    1    1     1     1     8    1    1    1  1.52914E+15 0.00544 
];


DET_PIN_BE = [
 1.10000E-11  6.25000E-07  3.12506E-07
 6.25000E-07  1.96400E+01  9.82000E+00
];

DET_PIN_C = [
    1    1    1    1     1     1     1    1    1    1  2.06408E+14 0.00553 
    2    1    1    1     1     1     2    1    1    1  6.10909E+12 0.00543 
    3    1    1    1     1     1     3    1    1    1  1.77410E+15 0.00557 
    4    1    1    1     1     1     4    1    1    1  1.14755E+15 0.00515 
    5    1    1    1     1     1     5    1    1    1  1.18503E+15 0.00564 
    6    1    1    1     1     1     6    1    1    1  5.98573E+07 0.00545 
    7    1    1    1     1     1     7    1    1    1  3.20828E+15 0.00514 
    8    1    1    1     1     1     8    1    1    1  3.11560E+15 0.00514 
    9    2    1    1     1     1     1    1    1    1  2.01630E+14 0.00916 
   10    2    1    1     1     1     2    1    1    1  4.86315E+13 0.00739 
   11    2    1    1     1     1     3    1    1    1  2.51881E+14 0.01050 
   12    2    1    1     1     1     4    1    1    1  2.46616E+14 0.01326 
   13    2    1    1     1     1     5    1    1    1  4.02437E+14 0.00667 
   14    2    1    1     1     1     6    1    1    1  5.27235E+12 0.00659 
   15    2    1    1     1     1     7    1    1    1  4.22867E+14 0.00791 
   16    2    1    1     1     1     8    1    1    1  7.72700E+14 0.00637 
];


DET_PIN_CE = [
 1.10000E-11  6.25000E-07  3.12506E-07
 6.25000E-07  1.96400E+01  9.82000E+00
];

DET_PIN_D = [
    1    1    1    1     1     1     1    1    1    1  6.97488E+13 0.00778 
    2    1    1    1     1     1     2    1    1    1  2.05758E+12 0.00772 
    3    1    1    1     1     1     3    1    1    1  5.98176E+14 0.00795 
    4    1    1    1     1     1     4    1    1    1  3.87743E+14 0.00732 
    5    1    1    1     1     1     5    1    1    1  4.00093E+14 0.00793 
    6    1    1    1     1     1     6    1    1    1  2.01639E+07 0.00774 
    7    1    1    1     1     1     7    1    1    1  1.08187E+15 0.00737 
    8    1    1    1     1     1     8    1    1    1  1.05214E+15 0.00736 
    9    2    1    1     1     1     1    1    1    1  6.83830E+13 0.01449 
   10    2    1    1     1     1     2    1    1    1  3.32831E+13 0.00980 
   11    2    1    1     1     1     3    1    1    1  8.44962E+13 0.01658 
   12    2    1    1     1     1     4    1    1    1  8.41598E+13 0.02296 
   13    2    1    1     1     1     5    1    1    1  1.37055E+14 0.01075 
   14    2    1    1     1     1     6    1    1    1  1.72164E+12 0.01170 
   15    2    1    1     1     1     7    1    1    1  1.45042E+14 0.01349 
   16    2    1    1     1     1     8    1    1    1  2.65451E+14 0.01080 
];


DET_PIN_DE = [
 1.10000E-11  6.25000E-07  3.12506E-07
 6.25000E-07  1.96400E+01  9.82000E+00
];
