
DET_FLUX_2G = [
    1    1    1    1     1     1     1    1    1    1  9.92140E+13 0.00149 
    2    2    1    1     1     1     1    1    1    1  5.55696E+14 0.00216 
];


DET_FLUX_2GE = [
 1.10000E-11  6.25000E-07  3.12506E-07
 6.25000E-07  1.96400E+01  9.82000E+00
];

DET_PIN_A = [
    1    1    1    1     1     1     1    1    1    1  8.03539E+14 0.00186 
    2    1    1    1     1     1     2    1    1    1  2.34109E+13 0.00182 
    3    1    1    1     1     1     3    1    1    1  7.65630E+15 0.00385 
    4    1    1    1     1     1     4    1    1    1  4.75551E+15 0.00257 
    5    1    1    1     1     1     5    1    1    1  4.55991E+15 0.00184 
    6    1    1    1     1     1     6    1    1    1  2.29420E+08 0.00182 
    7    1    1    1     1     1     7    1    1    1  1.34958E+16 0.00326 
    8    1    1    1     1     1     8    1    1    1  1.27539E+16 0.00230 
    9    2    1    1     1     1     1    1    1    1  4.07435E+14 0.00448 
   10    2    1    1     1     1     2    1    1    1  6.39058E+13 0.00468 
   11    2    1    1     1     1     3    1    1    1  5.67052E+14 0.00800 
   12    2    1    1     1     1     4    1    1    1  5.42908E+14 0.00916 
   13    2    1    1     1     1     5    1    1    1  8.72617E+14 0.00361 
   14    2    1    1     1     1     6    1    1    1  1.07294E+13 0.00452 
   15    2    1    1     1     1     7    1    1    1  9.64921E+14 0.00595 
   16    2    1    1     1     1     8    1    1    1  1.69759E+15 0.00523 
];


DET_PIN_AE = [
 1.10000E-11  6.25000E-07  3.12506E-07
 6.25000E-07  1.96400E+01  9.82000E+00
];

DET_PIN_B = [
    1    1    1    1     1     1     1    1    1    1  4.99494E+14 0.00265 
    2    1    1    1     1     1     2    1    1    1  1.45393E+13 0.00258 
    3    1    1    1     1     1     3    1    1    1  4.64545E+15 0.00471 
    4    1    1    1     1     1     4    1    1    1  2.92094E+15 0.00337 
    5    1    1    1     1     1     5    1    1    1  2.83779E+15 0.00264 
    6    1    1    1     1     1     6    1    1    1  1.42508E+08 0.00258 
    7    1    1    1     1     1     7    1    1    1  8.23069E+15 0.00405 
    8    1    1    1     1     1     8    1    1    1  7.84825E+15 0.00306 
    9    2    1    1     1     1     1    1    1    1  2.48287E+14 0.00567 
   10    2    1    1     1     1     2    1    1    1  4.40941E+13 0.00526 
   11    2    1    1     1     1     3    1    1    1  3.47845E+14 0.00917 
   12    2    1    1     1     1     4    1    1    1  3.32499E+14 0.01187 
   13    2    1    1     1     1     5    1    1    1  5.29509E+14 0.00435 
   14    2    1    1     1     1     6    1    1    1  6.35800E+12 0.00538 
   15    2    1    1     1     1     7    1    1    1  5.84132E+14 0.00695 
   16    2    1    1     1     1     8    1    1    1  1.03817E+15 0.00614 
];


DET_PIN_BE = [
 1.10000E-11  6.25000E-07  3.12506E-07
 6.25000E-07  1.96400E+01  9.82000E+00
];

DET_PIN_C = [
    1    1    1    1     1     1     1    1    1    1  2.57646E+14 0.00393 
    2    1    1    1     1     1     2    1    1    1  7.49913E+12 0.00388 
    3    1    1    1     1     1     3    1    1    1  2.35429E+15 0.00637 
    4    1    1    1     1     1     4    1    1    1  1.49143E+15 0.00471 
    5    1    1    1     1     1     5    1    1    1  1.46559E+15 0.00393 
    6    1    1    1     1     1     6    1    1    1  7.35157E+07 0.00388 
    7    1    1    1     1     1     7    1    1    1  4.18761E+15 0.00557 
    8    1    1    1     1     1     8    1    1    1  4.01790E+15 0.00437 
    9    2    1    1     1     1     1    1    1    1  1.27435E+14 0.00738 
   10    2    1    1     1     1     2    1    1    1  2.95299E+13 0.00702 
   11    2    1    1     1     1     3    1    1    1  1.75524E+14 0.01312 
   12    2    1    1     1     1     4    1    1    1  1.71368E+14 0.01647 
   13    2    1    1     1     1     5    1    1    1  2.68337E+14 0.00537 
   14    2    1    1     1     1     6    1    1    1  3.17423E+12 0.00670 
   15    2    1    1     1     1     7    1    1    1  2.94269E+14 0.00967 
   16    2    1    1     1     1     8    1    1    1  5.28690E+14 0.00863 
];


DET_PIN_CE = [
 1.10000E-11  6.25000E-07  3.12506E-07
 6.25000E-07  1.96400E+01  9.82000E+00
];

DET_PIN_D = [
    1    1    1    1     1     1     1    1    1    1  8.78437E+13 0.00764 
    2    1    1    1     1     1     2    1    1    1  2.54822E+12 0.00744 
    3    1    1    1     1     1     3    1    1    1  8.21038E+14 0.01061 
    4    1    1    1     1     1     4    1    1    1  5.16724E+14 0.00853 
    5    1    1    1     1     1     5    1    1    1  4.98256E+14 0.00763 
    6    1    1    1     1     1     6    1    1    1  2.49786E+07 0.00745 
    7    1    1    1     1     1     7    1    1    1  1.45228E+15 0.00946 
    8    1    1    1     1     1     8    1    1    1  1.38509E+15 0.00808 
    9    2    1    1     1     1     1    1    1    1  4.26463E+13 0.01233 
   10    2    1    1     1     1     2    1    1    1  2.05391E+13 0.00905 
   11    2    1    1     1     1     3    1    1    1  5.86866E+13 0.02143 
   12    2    1    1     1     1     4    1    1    1  5.60574E+13 0.02633 
   13    2    1    1     1     1     5    1    1    1  9.01940E+13 0.00943 
   14    2    1    1     1     1     6    1    1    1  1.04979E+12 0.01124 
   15    2    1    1     1     1     7    1    1    1  9.95560E+13 0.01578 
   16    2    1    1     1     1     8    1    1    1  1.76030E+14 0.01290 
];


DET_PIN_DE = [
 1.10000E-11  6.25000E-07  3.12506E-07
 6.25000E-07  1.96400E+01  9.82000E+00
];
