
DET_FLUX_2G = [
    1    1    1    1     1     1     1    1    1    1  9.03242E+13 0.00159 
    2    2    1    1     1     1     1    1    1    1  6.02342E+14 0.00215 
];


DET_FLUX_2GE = [
 1.10000E-11  6.25000E-07  3.12506E-07
 6.25000E-07  1.96400E+01  9.82000E+00
];

DET_PIN_A = [
    1    1    1    1     1     1     1    1    1    1  7.22553E+14 0.00222 
    2    1    1    1     1     1     2    1    1    1  2.11829E+13 0.00225 
    3    1    1    1     1     1     3    1    1    1  6.59289E+15 0.00342 
    4    1    1    1     1     1     4    1    1    1  4.18342E+15 0.00255 
    5    1    1    1     1     1     5    1    1    1  4.11792E+15 0.00227 
    6    1    1    1     1     1     6    1    1    1  2.07581E+08 0.00226 
    7    1    1    1     1     1     7    1    1    1  1.17363E+16 0.00288 
    8    1    1    1     1     1     8    1    1    1  1.12860E+16 0.00241 
    9    2    1    1     1     1     1    1    1    1  4.43787E+14 0.00484 
   10    2    1    1     1     1     2    1    1    1  6.92360E+13 0.00447 
   11    2    1    1     1     1     3    1    1    1  6.02655E+14 0.00750 
   12    2    1    1     1     1     4    1    1    1  5.84586E+14 0.00897 
   13    2    1    1     1     1     5    1    1    1  9.37543E+14 0.00367 
   14    2    1    1     1     1     6    1    1    1  1.18711E+13 0.00462 
   15    2    1    1     1     1     7    1    1    1  1.01946E+15 0.00577 
   16    2    1    1     1     1     8    1    1    1  1.82427E+15 0.00488 
];


DET_PIN_AE = [
 1.10000E-11  6.25000E-07  3.12506E-07
 6.25000E-07  1.96400E+01  9.82000E+00
];

DET_PIN_B = [
    1    1    1    1     1     1     1    1    1    1  4.51398E+14 0.00315 
    2    1    1    1     1     1     2    1    1    1  1.32083E+13 0.00314 
    3    1    1    1     1     1     3    1    1    1  4.09936E+15 0.00429 
    4    1    1    1     1     1     4    1    1    1  2.60074E+15 0.00337 
    5    1    1    1     1     1     5    1    1    1  2.57220E+15 0.00321 
    6    1    1    1     1     1     6    1    1    1  1.29446E+08 0.00315 
    7    1    1    1     1     1     7    1    1    1  7.30623E+15 0.00373 
    8    1    1    1     1     1     8    1    1    1  7.01039E+15 0.00325 
    9    2    1    1     1     1     1    1    1    1  2.71016E+14 0.00584 
   10    2    1    1     1     1     2    1    1    1  4.76592E+13 0.00544 
   11    2    1    1     1     1     3    1    1    1  3.63594E+14 0.00911 
   12    2    1    1     1     1     4    1    1    1  3.56181E+14 0.01173 
   13    2    1    1     1     1     5    1    1    1  5.69978E+14 0.00451 
   14    2    1    1     1     1     6    1    1    1  7.04074E+12 0.00520 
   15    2    1    1     1     1     7    1    1    1  6.18972E+14 0.00652 
   16    2    1    1     1     1     8    1    1    1  1.11106E+15 0.00623 
];


DET_PIN_BE = [
 1.10000E-11  6.25000E-07  3.12506E-07
 6.25000E-07  1.96400E+01  9.82000E+00
];

DET_PIN_C = [
    1    1    1    1     1     1     1    1    1    1  2.30302E+14 0.00468 
    2    1    1    1     1     1     2    1    1    1  6.73450E+12 0.00454 
    3    1    1    1     1     1     3    1    1    1  2.06922E+15 0.00592 
    4    1    1    1     1     1     4    1    1    1  1.31996E+15 0.00483 
    5    1    1    1     1     1     5    1    1    1  1.31288E+15 0.00473 
    6    1    1    1     1     1     6    1    1    1  6.60072E+07 0.00456 
    7    1    1    1     1     1     7    1    1    1  3.69647E+15 0.00525 
    8    1    1    1     1     1     8    1    1    1  3.56164E+15 0.00464 
    9    2    1    1     1     1     1    1    1    1  1.37138E+14 0.00759 
   10    2    1    1     1     1     2    1    1    1  3.25416E+13 0.00699 
   11    2    1    1     1     1     3    1    1    1  1.82195E+14 0.01265 
   12    2    1    1     1     1     4    1    1    1  1.76362E+14 0.01505 
   13    2    1    1     1     1     5    1    1    1  2.86126E+14 0.00571 
   14    2    1    1     1     1     6    1    1    1  3.49343E+12 0.00688 
   15    2    1    1     1     1     7    1    1    1  3.09535E+14 0.00945 
   16    2    1    1     1     1     8    1    1    1  5.60408E+14 0.00784 
];


DET_PIN_CE = [
 1.10000E-11  6.25000E-07  3.12506E-07
 6.25000E-07  1.96400E+01  9.82000E+00
];

DET_PIN_D = [
    1    1    1    1     1     1     1    1    1    1  7.78394E+13 0.00760 
    2    1    1    1     1     1     2    1    1    1  2.27336E+12 0.00749 
    3    1    1    1     1     1     3    1    1    1  7.00161E+14 0.00889 
    4    1    1    1     1     1     4    1    1    1  4.45765E+14 0.00770 
    5    1    1    1     1     1     5    1    1    1  4.43733E+14 0.00771 
    6    1    1    1     1     1     6    1    1    1  2.22828E+07 0.00751 
    7    1    1    1     1     1     7    1    1    1  1.25070E+15 0.00799 
    8    1    1    1     1     1     8    1    1    1  1.20142E+15 0.00757 
    9    2    1    1     1     1     1    1    1    1  4.71194E+13 0.01256 
   10    2    1    1     1     1     2    1    1    1  2.17570E+13 0.00891 
   11    2    1    1     1     1     3    1    1    1  6.03806E+13 0.02120 
   12    2    1    1     1     1     4    1    1    1  5.93698E+13 0.02620 
   13    2    1    1     1     1     5    1    1    1  9.81424E+13 0.00918 
   14    2    1    1     1     1     6    1    1    1  1.13874E+12 0.01129 
   15    2    1    1     1     1     7    1    1    1  1.04592E+14 0.01479 
   16    2    1    1     1     1     8    1    1    1  1.87549E+14 0.01236 
];


DET_PIN_DE = [
 1.10000E-11  6.25000E-07  3.12506E-07
 6.25000E-07  1.96400E+01  9.82000E+00
];
