
DET_FLUX_2G = [
    1    1    1    1     1     1     1    1    1    1  8.12216E+13 0.00224 
    2    2    1    1     1     1     1    1    1    1  9.07839E+14 0.00208 
];


DET_FLUX_2GE = [
 1.10000E-11  6.25000E-07  3.12506E-07
 6.25000E-07  1.96400E+01  9.82000E+00
];

DET_PIN_A = [
    1    1    1    1     1     1     1    1    1    1  6.21461E+14 0.00341 
    2    1    1    1     1     1     2    1    1    1  1.84536E+13 0.00340 
    3    1    1    1     1     1     3    1    1    1  5.25149E+15 0.00352 
    4    1    1    1     1     1     4    1    1    1  3.43577E+15 0.00309 
    5    1    1    1     1     1     5    1    1    1  3.57327E+15 0.00352 
    6    1    1    1     1     1     6    1    1    1  1.80804E+08 0.00341 
    7    1    1    1     1     1     7    1    1    1  9.53362E+15 0.00312 
    8    1    1    1     1     1     8    1    1    1  9.36248E+15 0.00313 
    9    2    1    1     1     1     1    1    1    1  6.63408E+14 0.00561 
   10    2    1    1     1     1     2    1    1    1  1.03632E+14 0.00497 
   11    2    1    1     1     1     3    1    1    1  8.17970E+14 0.00646 
   12    2    1    1     1     1     4    1    1    1  8.05067E+14 0.00870 
   13    2    1    1     1     1     5    1    1    1  1.33731E+15 0.00431 
   14    2    1    1     1     1     6    1    1    1  1.83273E+13 0.00433 
   15    2    1    1     1     1     7    1    1    1  1.39724E+15 0.00490 
   16    2    1    1     1     1     8    1    1    1  2.52048E+15 0.00473 
];


DET_PIN_AE = [
 1.10000E-11  6.25000E-07  3.12506E-07
 6.25000E-07  1.96400E+01  9.82000E+00
];

DET_PIN_B = [
    1    1    1    1     1     1     1    1    1    1  3.90627E+14 0.00410 
    2    1    1    1     1     1     2    1    1    1  1.15624E+13 0.00404 
    3    1    1    1     1     1     3    1    1    1  3.33363E+15 0.00445 
    4    1    1    1     1     1     4    1    1    1  2.16771E+15 0.00386 
    5    1    1    1     1     1     5    1    1    1  2.24304E+15 0.00418 
    6    1    1    1     1     1     6    1    1    1  1.13291E+08 0.00405 
    7    1    1    1     1     1     7    1    1    1  6.03781E+15 0.00399 
    8    1    1    1     1     1     8    1    1    1  5.88891E+15 0.00381 
    9    2    1    1     1     1     1    1    1    1  4.05044E+14 0.00629 
   10    2    1    1     1     1     2    1    1    1  7.24709E+13 0.00565 
   11    2    1    1     1     1     3    1    1    1  4.93869E+14 0.00819 
   12    2    1    1     1     1     4    1    1    1  5.00859E+14 0.01004 
   13    2    1    1     1     1     5    1    1    1  8.15621E+14 0.00487 
   14    2    1    1     1     1     6    1    1    1  1.09171E+13 0.00520 
   15    2    1    1     1     1     7    1    1    1  8.47309E+14 0.00623 
   16    2    1    1     1     1     8    1    1    1  1.56654E+15 0.00534 
];


DET_PIN_BE = [
 1.10000E-11  6.25000E-07  3.12506E-07
 6.25000E-07  1.96400E+01  9.82000E+00
];

DET_PIN_C = [
    1    1    1    1     1     1     1    1    1    1  2.00904E+14 0.00530 
    2    1    1    1     1     1     2    1    1    1  5.93434E+12 0.00519 
    3    1    1    1     1     1     3    1    1    1  1.72593E+15 0.00553 
    4    1    1    1     1     1     4    1    1    1  1.11702E+15 0.00496 
    5    1    1    1     1     1     5    1    1    1  1.15259E+15 0.00538 
    6    1    1    1     1     1     6    1    1    1  5.81475E+07 0.00521 
    7    1    1    1     1     1     7    1    1    1  3.12125E+15 0.00500 
    8    1    1    1     1     1     8    1    1    1  3.02904E+15 0.00496 
    9    2    1    1     1     1     1    1    1    1  2.06273E+14 0.00943 
   10    2    1    1     1     1     2    1    1    1  4.99134E+13 0.00678 
   11    2    1    1     1     1     3    1    1    1  2.54811E+14 0.01107 
   12    2    1    1     1     1     4    1    1    1  2.48799E+14 0.01399 
   13    2    1    1     1     1     5    1    1    1  4.14719E+14 0.00670 
   14    2    1    1     1     1     6    1    1    1  5.47948E+12 0.00635 
   15    2    1    1     1     1     7    1    1    1  4.30112E+14 0.00825 
   16    2    1    1     1     1     8    1    1    1  7.89898E+14 0.00680 
];


DET_PIN_CE = [
 1.10000E-11  6.25000E-07  3.12506E-07
 6.25000E-07  1.96400E+01  9.82000E+00
];

DET_PIN_D = [
    1    1    1    1     1     1     1    1    1    1  6.87445E+13 0.00807 
    2    1    1    1     1     1     2    1    1    1  2.02814E+12 0.00796 
    3    1    1    1     1     1     3    1    1    1  5.90674E+14 0.00844 
    4    1    1    1     1     1     4    1    1    1  3.84381E+14 0.00748 
    5    1    1    1     1     1     5    1    1    1  3.93895E+14 0.00823 
    6    1    1    1     1     1     6    1    1    1  1.98732E+07 0.00798 
    7    1    1    1     1     1     7    1    1    1  1.06711E+15 0.00780 
    8    1    1    1     1     1     8    1    1    1  1.04213E+15 0.00739 
    9    2    1    1     1     1     1    1    1    1  7.20248E+13 0.01480 
   10    2    1    1     1     1     2    1    1    1  3.33866E+13 0.00980 
   11    2    1    1     1     1     3    1    1    1  8.60299E+13 0.01656 
   12    2    1    1     1     1     4    1    1    1  8.69165E+13 0.01980 
   13    2    1    1     1     1     5    1    1    1  1.40487E+14 0.01062 
   14    2    1    1     1     1     6    1    1    1  1.78410E+12 0.01123 
   15    2    1    1     1     1     7    1    1    1  1.43528E+14 0.01190 
   16    2    1    1     1     1     8    1    1    1  2.72374E+14 0.01024 
];


DET_PIN_DE = [
 1.10000E-11  6.25000E-07  3.12506E-07
 6.25000E-07  1.96400E+01  9.82000E+00
];
