
DET_FLUX_2G = [
    1    1    1    1     1     1     1    1    1    1  8.20514E+13 0.00229 
    2    2    1    1     1     1     1    1    1    1  8.93307E+14 0.00232 
];


DET_FLUX_2GE = [
 1.10000E-11  6.25000E-07  3.12506E-07
 6.25000E-07  1.96400E+01  9.82000E+00
];

DET_PIN_A = [
    1    1    1    1     1     1     1    1    1    1  6.31842E+14 0.00324 
    2    1    1    1     1     1     2    1    1    1  1.87453E+13 0.00319 
    3    1    1    1     1     1     3    1    1    1  5.34996E+15 0.00338 
    4    1    1    1     1     1     4    1    1    1  3.49258E+15 0.00298 
    5    1    1    1     1     1     5    1    1    1  3.63208E+15 0.00331 
    6    1    1    1     1     1     6    1    1    1  1.83670E+08 0.00321 
    7    1    1    1     1     1     7    1    1    1  9.70797E+15 0.00299 
    8    1    1    1     1     1     8    1    1    1  9.51550E+15 0.00299 
    9    2    1    1     1     1     1    1    1    1  6.53813E+14 0.00546 
   10    2    1    1     1     1     2    1    1    1  1.02516E+14 0.00480 
   11    2    1    1     1     1     3    1    1    1  8.12361E+14 0.00711 
   12    2    1    1     1     1     4    1    1    1  7.93275E+14 0.00843 
   13    2    1    1     1     1     5    1    1    1  1.31964E+15 0.00413 
   14    2    1    1     1     1     6    1    1    1  1.79746E+13 0.00440 
   15    2    1    1     1     1     7    1    1    1  1.38406E+15 0.00543 
   16    2    1    1     1     1     8    1    1    1  2.49289E+15 0.00451 
];


DET_PIN_AE = [
 1.10000E-11  6.25000E-07  3.12506E-07
 6.25000E-07  1.96400E+01  9.82000E+00
];

DET_PIN_B = [
    1    1    1    1     1     1     1    1    1    1  3.90693E+14 0.00410 
    2    1    1    1     1     1     2    1    1    1  1.15728E+13 0.00400 
    3    1    1    1     1     1     3    1    1    1  3.34915E+15 0.00444 
    4    1    1    1     1     1     4    1    1    1  2.17089E+15 0.00394 
    5    1    1    1     1     1     5    1    1    1  2.24351E+15 0.00417 
    6    1    1    1     1     1     6    1    1    1  1.13388E+08 0.00402 
    7    1    1    1     1     1     7    1    1    1  6.06001E+15 0.00399 
    8    1    1    1     1     1     8    1    1    1  5.89878E+15 0.00390 
    9    2    1    1     1     1     1    1    1    1  4.02506E+14 0.00721 
   10    2    1    1     1     1     2    1    1    1  7.12809E+13 0.00569 
   11    2    1    1     1     1     3    1    1    1  5.01158E+14 0.00882 
   12    2    1    1     1     1     4    1    1    1  4.86828E+14 0.01057 
   13    2    1    1     1     1     5    1    1    1  8.05606E+14 0.00518 
   14    2    1    1     1     1     6    1    1    1  1.07159E+13 0.00506 
   15    2    1    1     1     1     7    1    1    1  8.49612E+14 0.00639 
   16    2    1    1     1     1     8    1    1    1  1.53928E+15 0.00567 
];


DET_PIN_BE = [
 1.10000E-11  6.25000E-07  3.12506E-07
 6.25000E-07  1.96400E+01  9.82000E+00
];

DET_PIN_C = [
    1    1    1    1     1     1     1    1    1    1  2.05535E+14 0.00588 
    2    1    1    1     1     1     2    1    1    1  6.06857E+12 0.00575 
    3    1    1    1     1     1     3    1    1    1  1.75200E+15 0.00554 
    4    1    1    1     1     1     4    1    1    1  1.14082E+15 0.00535 
    5    1    1    1     1     1     5    1    1    1  1.17922E+15 0.00599 
    6    1    1    1     1     1     6    1    1    1  5.94667E+07 0.00577 
    7    1    1    1     1     1     7    1    1    1  3.17323E+15 0.00516 
    8    1    1    1     1     1     8    1    1    1  3.09553E+15 0.00542 
    9    2    1    1     1     1     1    1    1    1  2.00683E+14 0.00847 
   10    2    1    1     1     1     2    1    1    1  4.93328E+13 0.00701 
   11    2    1    1     1     1     3    1    1    1  2.46584E+14 0.01087 
   12    2    1    1     1     1     4    1    1    1  2.50579E+14 0.01343 
   13    2    1    1     1     1     5    1    1    1  4.06012E+14 0.00637 
   14    2    1    1     1     1     6    1    1    1  5.26780E+12 0.00661 
   15    2    1    1     1     1     7    1    1    1  4.24748E+14 0.00794 
   16    2    1    1     1     1     8    1    1    1  7.86429E+14 0.00645 
];


DET_PIN_CE = [
 1.10000E-11  6.25000E-07  3.12506E-07
 6.25000E-07  1.96400E+01  9.82000E+00
];

DET_PIN_D = [
    1    1    1    1     1     1     1    1    1    1  6.89040E+13 0.00817 
    2    1    1    1     1     1     2    1    1    1  2.03447E+12 0.00801 
    3    1    1    1     1     1     3    1    1    1  5.98707E+14 0.00851 
    4    1    1    1     1     1     4    1    1    1  3.85255E+14 0.00777 
    5    1    1    1     1     1     5    1    1    1  3.94899E+14 0.00830 
    6    1    1    1     1     1     6    1    1    1  1.99327E+07 0.00804 
    7    1    1    1     1     1     7    1    1    1  1.07979E+15 0.00784 
    8    1    1    1     1     1     8    1    1    1  1.04246E+15 0.00772 
    9    2    1    1     1     1     1    1    1    1  6.81595E+13 0.01498 
   10    2    1    1     1     1     2    1    1    1  3.36193E+13 0.00939 
   11    2    1    1     1     1     3    1    1    1  8.47699E+13 0.01536 
   12    2    1    1     1     1     4    1    1    1  8.39308E+13 0.02176 
   13    2    1    1     1     1     5    1    1    1  1.36657E+14 0.01047 
   14    2    1    1     1     1     6    1    1    1  1.79307E+12 0.01143 
   15    2    1    1     1     1     7    1    1    1  1.44970E+14 0.01194 
   16    2    1    1     1     1     8    1    1    1  2.65267E+14 0.01006 
];


DET_PIN_DE = [
 1.10000E-11  6.25000E-07  3.12506E-07
 6.25000E-07  1.96400E+01  9.82000E+00
];
