
DET_FLUX_2G = [
    1    1    1    1     1     1     1    1    1    1  8.97196E+13 0.00169 
    2    2    1    1     1     1     1    1    1    1  6.07670E+14 0.00206 
];


DET_FLUX_2GE = [
 1.10000E-11  6.25000E-07  3.12506E-07
 6.25000E-07  1.96400E+01  9.82000E+00
];

DET_PIN_A = [
    1    1    1    1     1     1     1    1    1    1  7.18003E+14 0.00219 
    2    1    1    1     1     1     2    1    1    1  2.10713E+13 0.00215 
    3    1    1    1     1     1     3    1    1    1  6.52118E+15 0.00355 
    4    1    1    1     1     1     4    1    1    1  4.13630E+15 0.00265 
    5    1    1    1     1     1     5    1    1    1  4.09538E+15 0.00221 
    6    1    1    1     1     1     6    1    1    1  2.06490E+08 0.00215 
    7    1    1    1     1     1     7    1    1    1  1.16244E+16 0.00299 
    8    1    1    1     1     1     8    1    1    1  1.11732E+16 0.00247 
    9    2    1    1     1     1     1    1    1    1  4.45536E+14 0.00481 
   10    2    1    1     1     1     2    1    1    1  7.02699E+13 0.00458 
   11    2    1    1     1     1     3    1    1    1  6.09291E+14 0.00747 
   12    2    1    1     1     1     4    1    1    1  5.90345E+14 0.00919 
   13    2    1    1     1     1     5    1    1    1  9.44084E+14 0.00369 
   14    2    1    1     1     1     6    1    1    1  1.20304E+13 0.00461 
   15    2    1    1     1     1     7    1    1    1  1.03218E+15 0.00567 
   16    2    1    1     1     1     8    1    1    1  1.83926E+15 0.00482 
];


DET_PIN_AE = [
 1.10000E-11  6.25000E-07  3.12506E-07
 6.25000E-07  1.96400E+01  9.82000E+00
];

DET_PIN_B = [
    1    1    1    1     1     1     1    1    1    1  4.43339E+14 0.00303 
    2    1    1    1     1     1     2    1    1    1  1.29894E+13 0.00297 
    3    1    1    1     1     1     3    1    1    1  4.00764E+15 0.00411 
    4    1    1    1     1     1     4    1    1    1  2.54877E+15 0.00325 
    5    1    1    1     1     1     5    1    1    1  2.52762E+15 0.00305 
    6    1    1    1     1     1     6    1    1    1  1.27298E+08 0.00298 
    7    1    1    1     1     1     7    1    1    1  7.15017E+15 0.00361 
    8    1    1    1     1     1     8    1    1    1  6.87985E+15 0.00312 
    9    2    1    1     1     1     1    1    1    1  2.72345E+14 0.00583 
   10    2    1    1     1     1     2    1    1    1  4.81697E+13 0.00540 
   11    2    1    1     1     1     3    1    1    1  3.62662E+14 0.00900 
   12    2    1    1     1     1     4    1    1    1  3.49272E+14 0.01219 
   13    2    1    1     1     1     5    1    1    1  5.72325E+14 0.00448 
   14    2    1    1     1     1     6    1    1    1  7.10001E+12 0.00495 
   15    2    1    1     1     1     7    1    1    1  6.18818E+14 0.00657 
   16    2    1    1     1     1     8    1    1    1  1.11016E+15 0.00632 
];


DET_PIN_BE = [
 1.10000E-11  6.25000E-07  3.12506E-07
 6.25000E-07  1.96400E+01  9.82000E+00
];

DET_PIN_C = [
    1    1    1    1     1     1     1    1    1    1  2.31039E+14 0.00432 
    2    1    1    1     1     1     2    1    1    1  6.76065E+12 0.00429 
    3    1    1    1     1     1     3    1    1    1  2.06756E+15 0.00564 
    4    1    1    1     1     1     4    1    1    1  1.32078E+15 0.00456 
    5    1    1    1     1     1     5    1    1    1  1.31792E+15 0.00439 
    6    1    1    1     1     1     6    1    1    1  6.62636E+07 0.00430 
    7    1    1    1     1     1     7    1    1    1  3.69752E+15 0.00499 
    8    1    1    1     1     1     8    1    1    1  3.56611E+15 0.00441 
    9    2    1    1     1     1     1    1    1    1  1.38890E+14 0.00779 
   10    2    1    1     1     1     2    1    1    1  3.27606E+13 0.00649 
   11    2    1    1     1     1     3    1    1    1  1.80598E+14 0.01200 
   12    2    1    1     1     1     4    1    1    1  1.80299E+14 0.01570 
   13    2    1    1     1     1     5    1    1    1  2.87784E+14 0.00588 
   14    2    1    1     1     1     6    1    1    1  3.52505E+12 0.00680 
   15    2    1    1     1     1     7    1    1    1  3.05047E+14 0.00828 
   16    2    1    1     1     1     8    1    1    1  5.64539E+14 0.00834 
];


DET_PIN_CE = [
 1.10000E-11  6.25000E-07  3.12506E-07
 6.25000E-07  1.96400E+01  9.82000E+00
];

DET_PIN_D = [
    1    1    1    1     1     1     1    1    1    1  7.78173E+13 0.00694 
    2    1    1    1     1     1     2    1    1    1  2.27232E+12 0.00678 
    3    1    1    1     1     1     3    1    1    1  6.95892E+14 0.00921 
    4    1    1    1     1     1     4    1    1    1  4.45700E+14 0.00757 
    5    1    1    1     1     1     5    1    1    1  4.43573E+14 0.00698 
    6    1    1    1     1     1     6    1    1    1  2.22729E+07 0.00679 
    7    1    1    1     1     1     7    1    1    1  1.24426E+15 0.00814 
    8    1    1    1     1     1     8    1    1    1  1.20165E+15 0.00729 
    9    2    1    1     1     1     1    1    1    1  4.74469E+13 0.01441 
   10    2    1    1     1     1     2    1    1    1  2.24312E+13 0.00917 
   11    2    1    1     1     1     3    1    1    1  6.40021E+13 0.01996 
   12    2    1    1     1     1     4    1    1    1  5.86866E+13 0.02635 
   13    2    1    1     1     1     5    1    1    1  9.73173E+13 0.00983 
   14    2    1    1     1     1     6    1    1    1  1.14968E+12 0.01173 
   15    2    1    1     1     1     7    1    1    1  1.06648E+14 0.01358 
   16    2    1    1     1     1     8    1    1    1  1.86909E+14 0.01227 
];


DET_PIN_DE = [
 1.10000E-11  6.25000E-07  3.12506E-07
 6.25000E-07  1.96400E+01  9.82000E+00
];
