
DET_FLUX_2G = [
    1    1    1    1     1     1     1    1    1    1  9.87796E+13 0.00152 
    2    2    1    1     1     1     1    1    1    1  5.37615E+14 0.00223 
];


DET_FLUX_2GE = [
 1.10000E-11  6.25000E-07  3.12506E-07
 6.25000E-07  1.96400E+01  9.82000E+00
];

DET_PIN_A = [
    1    1    1    1     1     1     1    1    1    1  8.08914E+14 0.00197 
    2    1    1    1     1     1     2    1    1    1  2.35724E+13 0.00193 
    3    1    1    1     1     1     3    1    1    1  7.57812E+15 0.00388 
    4    1    1    1     1     1     4    1    1    1  4.74224E+15 0.00260 
    5    1    1    1     1     1     5    1    1    1  4.59640E+15 0.00197 
    6    1    1    1     1     1     6    1    1    1  2.31038E+08 0.00193 
    7    1    1    1     1     1     7    1    1    1  1.34074E+16 0.00331 
    8    1    1    1     1     1     8    1    1    1  1.27491E+16 0.00235 
    9    2    1    1     1     1     1    1    1    1  3.94740E+14 0.00484 
   10    2    1    1     1     1     2    1    1    1  6.22827E+13 0.00476 
   11    2    1    1     1     1     3    1    1    1  5.59038E+14 0.00813 
   12    2    1    1     1     1     4    1    1    1  5.25907E+14 0.00967 
   13    2    1    1     1     1     5    1    1    1  8.44660E+14 0.00370 
   14    2    1    1     1     1     6    1    1    1  1.04681E+13 0.00452 
   15    2    1    1     1     1     7    1    1    1  9.40679E+14 0.00608 
   16    2    1    1     1     1     8    1    1    1  1.64765E+15 0.00511 
];


DET_PIN_AE = [
 1.10000E-11  6.25000E-07  3.12506E-07
 6.25000E-07  1.96400E+01  9.82000E+00
];

DET_PIN_B = [
    1    1    1    1     1     1     1    1    1    1  5.01832E+14 0.00263 
    2    1    1    1     1     1     2    1    1    1  1.46152E+13 0.00259 
    3    1    1    1     1     1     3    1    1    1  4.64132E+15 0.00433 
    4    1    1    1     1     1     4    1    1    1  2.92813E+15 0.00317 
    5    1    1    1     1     1     5    1    1    1  2.85254E+15 0.00264 
    6    1    1    1     1     1     6    1    1    1  1.43261E+08 0.00260 
    7    1    1    1     1     1     7    1    1    1  8.23247E+15 0.00372 
    8    1    1    1     1     1     8    1    1    1  7.88117E+15 0.00295 
    9    2    1    1     1     1     1    1    1    1  2.41507E+14 0.00574 
   10    2    1    1     1     1     2    1    1    1  4.22347E+13 0.00555 
   11    2    1    1     1     1     3    1    1    1  3.30733E+14 0.00979 
   12    2    1    1     1     1     4    1    1    1  3.20062E+14 0.01212 
   13    2    1    1     1     1     5    1    1    1  5.12569E+14 0.00426 
   14    2    1    1     1     1     6    1    1    1  6.17214E+12 0.00529 
   15    2    1    1     1     1     7    1    1    1  5.60840E+14 0.00721 
   16    2    1    1     1     1     8    1    1    1  9.93605E+14 0.00629 
];


DET_PIN_BE = [
 1.10000E-11  6.25000E-07  3.12506E-07
 6.25000E-07  1.96400E+01  9.82000E+00
];

DET_PIN_C = [
    1    1    1    1     1     1     1    1    1    1  2.59598E+14 0.00407 
    2    1    1    1     1     1     2    1    1    1  7.54800E+12 0.00399 
    3    1    1    1     1     1     3    1    1    1  2.36355E+15 0.00651 
    4    1    1    1     1     1     4    1    1    1  1.49869E+15 0.00467 
    5    1    1    1     1     1     5    1    1    1  1.47698E+15 0.00409 
    6    1    1    1     1     1     6    1    1    1  7.40008E+07 0.00400 
    7    1    1    1     1     1     7    1    1    1  4.20808E+15 0.00568 
    8    1    1    1     1     1     8    1    1    1  4.03728E+15 0.00431 
    9    2    1    1     1     1     1    1    1    1  1.23575E+14 0.00738 
   10    2    1    1     1     1     2    1    1    1  2.91027E+13 0.00661 
   11    2    1    1     1     1     3    1    1    1  1.68257E+14 0.01346 
   12    2    1    1     1     1     4    1    1    1  1.66773E+14 0.01731 
   13    2    1    1     1     1     5    1    1    1  2.58638E+14 0.00569 
   14    2    1    1     1     1     6    1    1    1  3.02582E+12 0.00667 
   15    2    1    1     1     1     7    1    1    1  2.86594E+14 0.00978 
   16    2    1    1     1     1     8    1    1    1  5.16091E+14 0.00844 
];


DET_PIN_CE = [
 1.10000E-11  6.25000E-07  3.12506E-07
 6.25000E-07  1.96400E+01  9.82000E+00
];

DET_PIN_D = [
    1    1    1    1     1     1     1    1    1    1  8.68532E+13 0.00739 
    2    1    1    1     1     1     2    1    1    1  2.52645E+12 0.00723 
    3    1    1    1     1     1     3    1    1    1  7.77982E+14 0.01085 
    4    1    1    1     1     1     4    1    1    1  4.99094E+14 0.00826 
    5    1    1    1     1     1     5    1    1    1  4.94399E+14 0.00741 
    6    1    1    1     1     1     6    1    1    1  2.47722E+07 0.00724 
    7    1    1    1     1     1     7    1    1    1  1.38944E+15 0.00953 
    8    1    1    1     1     1     8    1    1    1  1.34796E+15 0.00775 
    9    2    1    1     1     1     1    1    1    1  4.11672E+13 0.01203 
   10    2    1    1     1     1     2    1    1    1  1.96181E+13 0.00947 
   11    2    1    1     1     1     3    1    1    1  5.73262E+13 0.02174 
   12    2    1    1     1     1     4    1    1    1  5.56872E+13 0.02762 
   13    2    1    1     1     1     5    1    1    1  8.70054E+13 0.00942 
   14    2    1    1     1     1     6    1    1    1  1.00909E+12 0.01135 
   15    2    1    1     1     1     7    1    1    1  9.67728E+13 0.01663 
   16    2    1    1     1     1     8    1    1    1  1.72805E+14 0.01511 
];


DET_PIN_DE = [
 1.10000E-11  6.25000E-07  3.12506E-07
 6.25000E-07  1.96400E+01  9.82000E+00
];
