
DET_FLUX_2G = [
    1    1    1    1     1     1     1    1    1    1  8.40116E+13 0.00204 
    2    2    1    1     1     1     1    1    1    1  7.81698E+14 0.00223 
];


DET_FLUX_2GE = [
 1.10000E-11  6.25000E-07  3.12506E-07
 6.25000E-07  1.96400E+01  9.82000E+00
];

DET_PIN_A = [
    1    1    1    1     1     1     1    1    1    1  6.60838E+14 0.00303 
    2    1    1    1     1     1     2    1    1    1  1.95497E+13 0.00301 
    3    1    1    1     1     1     3    1    1    1  5.64669E+15 0.00312 
    4    1    1    1     1     1     4    1    1    1  3.68362E+15 0.00276 
    5    1    1    1     1     1     5    1    1    1  3.79310E+15 0.00312 
    6    1    1    1     1     1     6    1    1    1  1.91569E+08 0.00302 
    7    1    1    1     1     1     7    1    1    1  1.02186E+16 0.00279 
    8    1    1    1     1     1     8    1    1    1  1.00193E+16 0.00280 
    9    2    1    1     1     1     1    1    1    1  5.75974E+14 0.00548 
   10    2    1    1     1     1     2    1    1    1  9.02151E+13 0.00459 
   11    2    1    1     1     1     3    1    1    1  7.31235E+14 0.00681 
   12    2    1    1     1     1     4    1    1    1  7.19018E+14 0.00927 
   13    2    1    1     1     1     5    1    1    1  1.17439E+15 0.00420 
   14    2    1    1     1     1     6    1    1    1  1.56217E+13 0.00440 
   15    2    1    1     1     1     7    1    1    1  1.25165E+15 0.00522 
   16    2    1    1     1     1     8    1    1    1  2.25269E+15 0.00481 
];


DET_PIN_AE = [
 1.10000E-11  6.25000E-07  3.12506E-07
 6.25000E-07  1.96400E+01  9.82000E+00
];

DET_PIN_B = [
    1    1    1    1     1     1     1    1    1    1  4.07973E+14 0.00359 
    2    1    1    1     1     1     2    1    1    1  1.20248E+13 0.00349 
    3    1    1    1     1     1     3    1    1    1  3.49550E+15 0.00400 
    4    1    1    1     1     1     4    1    1    1  2.27472E+15 0.00347 
    5    1    1    1     1     1     5    1    1    1  2.33840E+15 0.00365 
    6    1    1    1     1     1     6    1    1    1  1.17845E+08 0.00350 
    7    1    1    1     1     1     7    1    1    1  6.32046E+15 0.00357 
    8    1    1    1     1     1     8    1    1    1  6.17439E+15 0.00341 
    9    2    1    1     1     1     1    1    1    1  3.50749E+14 0.00608 
   10    2    1    1     1     1     2    1    1    1  6.19422E+13 0.00559 
   11    2    1    1     1     1     3    1    1    1  4.45688E+14 0.00791 
   12    2    1    1     1     1     4    1    1    1  4.34960E+14 0.01112 
   13    2    1    1     1     1     5    1    1    1  7.13079E+14 0.00471 
   14    2    1    1     1     1     6    1    1    1  9.21838E+12 0.00514 
   15    2    1    1     1     1     7    1    1    1  7.52615E+14 0.00613 
   16    2    1    1     1     1     8    1    1    1  1.36857E+15 0.00549 
];


DET_PIN_BE = [
 1.10000E-11  6.25000E-07  3.12506E-07
 6.25000E-07  1.96400E+01  9.82000E+00
];

DET_PIN_C = [
    1    1    1    1     1     1     1    1    1    1  2.11852E+14 0.00529 
    2    1    1    1     1     1     2    1    1    1  6.24146E+12 0.00526 
    3    1    1    1     1     1     3    1    1    1  1.81681E+15 0.00554 
    4    1    1    1     1     1     4    1    1    1  1.17903E+15 0.00508 
    5    1    1    1     1     1     5    1    1    1  1.21463E+15 0.00538 
    6    1    1    1     1     1     6    1    1    1  6.11698E+07 0.00527 
    7    1    1    1     1     1     7    1    1    1  3.28537E+15 0.00507 
    8    1    1    1     1     1     8    1    1    1  3.19954E+15 0.00506 
    9    2    1    1     1     1     1    1    1    1  1.77337E+14 0.00863 
   10    2    1    1     1     1     2    1    1    1  4.24266E+13 0.00660 
   11    2    1    1     1     1     3    1    1    1  2.26408E+14 0.01139 
   12    2    1    1     1     1     4    1    1    1  2.18712E+14 0.01369 
   13    2    1    1     1     1     5    1    1    1  3.60677E+14 0.00633 
   14    2    1    1     1     1     6    1    1    1  4.59684E+12 0.00683 
   15    2    1    1     1     1     7    1    1    1  3.82853E+14 0.00836 
   16    2    1    1     1     1     8    1    1    1  6.97293E+14 0.00671 
];


DET_PIN_CE = [
 1.10000E-11  6.25000E-07  3.12506E-07
 6.25000E-07  1.96400E+01  9.82000E+00
];

DET_PIN_D = [
    1    1    1    1     1     1     1    1    1    1  7.18026E+13 0.00766 
    2    1    1    1     1     1     2    1    1    1  2.11484E+12 0.00760 
    3    1    1    1     1     1     3    1    1    1  6.22512E+14 0.00824 
    4    1    1    1     1     1     4    1    1    1  4.00131E+14 0.00748 
    5    1    1    1     1     1     5    1    1    1  4.11717E+14 0.00776 
    6    1    1    1     1     1     6    1    1    1  2.07260E+07 0.00762 
    7    1    1    1     1     1     7    1    1    1  1.12350E+15 0.00761 
    8    1    1    1     1     1     8    1    1    1  1.08449E+15 0.00747 
    9    2    1    1     1     1     1    1    1    1  6.07123E+13 0.01365 
   10    2    1    1     1     1     2    1    1    1  2.92103E+13 0.00910 
   11    2    1    1     1     1     3    1    1    1  7.79426E+13 0.01768 
   12    2    1    1     1     1     4    1    1    1  7.55015E+13 0.02155 
   13    2    1    1     1     1     5    1    1    1  1.21410E+14 0.00990 
   14    2    1    1     1     1     6    1    1    1  1.50178E+12 0.01111 
   15    2    1    1     1     1     7    1    1    1  1.29025E+14 0.01356 
   16    2    1    1     1     1     8    1    1    1  2.38232E+14 0.01133 
];


DET_PIN_DE = [
 1.10000E-11  6.25000E-07  3.12506E-07
 6.25000E-07  1.96400E+01  9.82000E+00
];
