
DET_FLUX_2G = [
    1    1    1    1     1     1     1    1    1    1  8.44399E+13 0.00186 
    2    2    1    1     1     1     1    1    1    1  7.35488E+14 0.00214 
];


DET_FLUX_2GE = [
 1.10000E-11  6.25000E-07  3.12506E-07
 6.25000E-07  1.96400E+01  9.82000E+00
];

DET_PIN_A = [
    1    1    1    1     1     1     1    1    1    1  6.62805E+14 0.00282 
    2    1    1    1     1     1     2    1    1    1  1.95969E+13 0.00276 
    3    1    1    1     1     1     3    1    1    1  5.68920E+15 0.00329 
    4    1    1    1     1     1     4    1    1    1  3.70427E+15 0.00277 
    5    1    1    1     1     1     5    1    1    1  3.80254E+15 0.00288 
    6    1    1    1     1     1     6    1    1    1  1.92038E+08 0.00278 
    7    1    1    1     1     1     7    1    1    1  1.02826E+16 0.00285 
    8    1    1    1     1     1     8    1    1    1  1.00770E+16 0.00273 
    9    2    1    1     1     1     1    1    1    1  5.35190E+14 0.00523 
   10    2    1    1     1     1     2    1    1    1  8.45317E+13 0.00436 
   11    2    1    1     1     1     3    1    1    1  6.93022E+14 0.00682 
   12    2    1    1     1     1     4    1    1    1  6.89951E+14 0.00933 
   13    2    1    1     1     1     5    1    1    1  1.10824E+15 0.00406 
   14    2    1    1     1     1     6    1    1    1  1.46540E+13 0.00463 
   15    2    1    1     1     1     7    1    1    1  1.19201E+15 0.00524 
   16    2    1    1     1     1     8    1    1    1  2.15240E+15 0.00477 
];


DET_PIN_AE = [
 1.10000E-11  6.25000E-07  3.12506E-07
 6.25000E-07  1.96400E+01  9.82000E+00
];

DET_PIN_B = [
    1    1    1    1     1     1     1    1    1    1  4.14335E+14 0.00353 
    2    1    1    1     1     1     2    1    1    1  1.22167E+13 0.00345 
    3    1    1    1     1     1     3    1    1    1  3.54059E+15 0.00433 
    4    1    1    1     1     1     4    1    1    1  2.30920E+15 0.00358 
    5    1    1    1     1     1     5    1    1    1  2.37566E+15 0.00359 
    6    1    1    1     1     1     6    1    1    1  1.19730E+08 0.00347 
    7    1    1    1     1     1     7    1    1    1  6.40534E+15 0.00380 
    8    1    1    1     1     1     8    1    1    1  6.27449E+15 0.00347 
    9    2    1    1     1     1     1    1    1    1  3.29041E+14 0.00632 
   10    2    1    1     1     1     2    1    1    1  5.81004E+13 0.00536 
   11    2    1    1     1     1     3    1    1    1  4.21073E+14 0.00849 
   12    2    1    1     1     1     4    1    1    1  4.18721E+14 0.01164 
   13    2    1    1     1     1     5    1    1    1  6.73040E+14 0.00448 
   14    2    1    1     1     1     6    1    1    1  8.69349E+12 0.00524 
   15    2    1    1     1     1     7    1    1    1  7.18724E+14 0.00664 
   16    2    1    1     1     1     8    1    1    1  1.30825E+15 0.00570 
];


DET_PIN_BE = [
 1.10000E-11  6.25000E-07  3.12506E-07
 6.25000E-07  1.96400E+01  9.82000E+00
];

DET_PIN_C = [
    1    1    1    1     1     1     1    1    1    1  2.13006E+14 0.00501 
    2    1    1    1     1     1     2    1    1    1  6.27677E+12 0.00495 
    3    1    1    1     1     1     3    1    1    1  1.83692E+15 0.00561 
    4    1    1    1     1     1     4    1    1    1  1.19235E+15 0.00499 
    5    1    1    1     1     1     5    1    1    1  1.22023E+15 0.00508 
    6    1    1    1     1     1     6    1    1    1  6.15124E+07 0.00496 
    7    1    1    1     1     1     7    1    1    1  3.31560E+15 0.00506 
    8    1    1    1     1     1     8    1    1    1  3.23532E+15 0.00492 
    9    2    1    1     1     1     1    1    1    1  1.68112E+14 0.00823 
   10    2    1    1     1     1     2    1    1    1  4.00769E+13 0.00679 
   11    2    1    1     1     1     3    1    1    1  2.15577E+14 0.01192 
   12    2    1    1     1     1     4    1    1    1  2.08210E+14 0.01414 
   13    2    1    1     1     1     5    1    1    1  3.40230E+14 0.00623 
   14    2    1    1     1     1     6    1    1    1  4.31234E+12 0.00713 
   15    2    1    1     1     1     7    1    1    1  3.63241E+14 0.00841 
   16    2    1    1     1     1     8    1    1    1  6.67108E+14 0.00744 
];


DET_PIN_CE = [
 1.10000E-11  6.25000E-07  3.12506E-07
 6.25000E-07  1.96400E+01  9.82000E+00
];

DET_PIN_D = [
    1    1    1    1     1     1     1    1    1    1  7.21696E+13 0.00795 
    2    1    1    1     1     1     2    1    1    1  2.12042E+12 0.00794 
    3    1    1    1     1     1     3    1    1    1  6.22334E+14 0.00829 
    4    1    1    1     1     1     4    1    1    1  4.04417E+14 0.00752 
    5    1    1    1     1     1     5    1    1    1  4.13118E+14 0.00813 
    6    1    1    1     1     1     6    1    1    1  2.07834E+07 0.00796 
    7    1    1    1     1     1     7    1    1    1  1.12304E+15 0.00768 
    8    1    1    1     1     1     8    1    1    1  1.09654E+15 0.00754 
    9    2    1    1     1     1     1    1    1    1  5.75595E+13 0.01355 
   10    2    1    1     1     1     2    1    1    1  2.72824E+13 0.00947 
   11    2    1    1     1     1     3    1    1    1  7.45353E+13 0.01776 
   12    2    1    1     1     1     4    1    1    1  7.70413E+13 0.02575 
   13    2    1    1     1     1     5    1    1    1  1.15573E+14 0.00953 
   14    2    1    1     1     1     6    1    1    1  1.42878E+12 0.01154 
   15    2    1    1     1     1     7    1    1    1  1.26209E+14 0.01322 
   16    2    1    1     1     1     8    1    1    1  2.32133E+14 0.01230 
];


DET_PIN_DE = [
 1.10000E-11  6.25000E-07  3.12506E-07
 6.25000E-07  1.96400E+01  9.82000E+00
];
