
DET_FLUX_2G = [
    1    1    1    1     1     1     1    1    1    1  8.48543E+13 0.00185 
    2    2    1    1     1     1     1    1    1    1  6.93021E+14 0.00219 
];


DET_FLUX_2GE = [
 1.10000E-11  6.25000E-07  3.12506E-07
 6.25000E-07  1.96400E+01  9.82000E+00
];

DET_PIN_A = [
    1    1    1    1     1     1     1    1    1    1  6.67708E+14 0.00242 
    2    1    1    1     1     1     2    1    1    1  1.97144E+13 0.00243 
    3    1    1    1     1     1     3    1    1    1  5.81439E+15 0.00317 
    4    1    1    1     1     1     4    1    1    1  3.76217E+15 0.00245 
    5    1    1    1     1     1     5    1    1    1  3.82497E+15 0.00250 
    6    1    1    1     1     1     6    1    1    1  1.93181E+08 0.00244 
    7    1    1    1     1     1     7    1    1    1  1.04711E+16 0.00268 
    8    1    1    1     1     1     8    1    1    1  1.02137E+16 0.00238 
    9    2    1    1     1     1     1    1    1    1  5.11809E+14 0.00519 
   10    2    1    1     1     1     2    1    1    1  7.99509E+13 0.00483 
   11    2    1    1     1     1     3    1    1    1  6.62791E+14 0.00698 
   12    2    1    1     1     1     4    1    1    1  6.56898E+14 0.00938 
   13    2    1    1     1     1     5    1    1    1  1.05573E+15 0.00398 
   14    2    1    1     1     1     6    1    1    1  1.37268E+13 0.00450 
   15    2    1    1     1     1     7    1    1    1  1.13027E+15 0.00540 
   16    2    1    1     1     1     8    1    1    1  2.04878E+15 0.00510 
];


DET_PIN_AE = [
 1.10000E-11  6.25000E-07  3.12506E-07
 6.25000E-07  1.96400E+01  9.82000E+00
];

DET_PIN_B = [
    1    1    1    1     1     1     1    1    1    1  4.13770E+14 0.00320 
    2    1    1    1     1     1     2    1    1    1  1.21869E+13 0.00318 
    3    1    1    1     1     1     3    1    1    1  3.62877E+15 0.00401 
    4    1    1    1     1     1     4    1    1    1  2.34115E+15 0.00328 
    5    1    1    1     1     1     5    1    1    1  2.36707E+15 0.00327 
    6    1    1    1     1     1     6    1    1    1  1.19423E+08 0.00319 
    7    1    1    1     1     1     7    1    1    1  6.52227E+15 0.00348 
    8    1    1    1     1     1     8    1    1    1  6.34310E+15 0.00322 
    9    2    1    1     1     1     1    1    1    1  3.12481E+14 0.00604 
   10    2    1    1     1     1     2    1    1    1  5.47283E+13 0.00513 
   11    2    1    1     1     1     3    1    1    1  4.08607E+14 0.00805 
   12    2    1    1     1     1     4    1    1    1  3.92521E+14 0.01121 
   13    2    1    1     1     1     5    1    1    1  6.41581E+14 0.00461 
   14    2    1    1     1     1     6    1    1    1  8.10063E+12 0.00562 
   15    2    1    1     1     1     7    1    1    1  6.96466E+14 0.00615 
   16    2    1    1     1     1     8    1    1    1  1.24611E+15 0.00586 
];


DET_PIN_BE = [
 1.10000E-11  6.25000E-07  3.12506E-07
 6.25000E-07  1.96400E+01  9.82000E+00
];

DET_PIN_C = [
    1    1    1    1     1     1     1    1    1    1  2.16025E+14 0.00477 
    2    1    1    1     1     1     2    1    1    1  6.33887E+12 0.00472 
    3    1    1    1     1     1     3    1    1    1  1.88177E+15 0.00561 
    4    1    1    1     1     1     4    1    1    1  1.21687E+15 0.00483 
    5    1    1    1     1     1     5    1    1    1  1.23513E+15 0.00484 
    6    1    1    1     1     1     6    1    1    1  6.21296E+07 0.00473 
    7    1    1    1     1     1     7    1    1    1  3.38715E+15 0.00504 
    8    1    1    1     1     1     8    1    1    1  3.29472E+15 0.00470 
    9    2    1    1     1     1     1    1    1    1  1.58617E+14 0.00826 
   10    2    1    1     1     1     2    1    1    1  3.70266E+13 0.00676 
   11    2    1    1     1     1     3    1    1    1  2.05490E+14 0.01222 
   12    2    1    1     1     1     4    1    1    1  2.03439E+14 0.01558 
   13    2    1    1     1     1     5    1    1    1  3.20889E+14 0.00607 
   14    2    1    1     1     1     6    1    1    1  4.07403E+12 0.00702 
   15    2    1    1     1     1     7    1    1    1  3.46542E+14 0.00890 
   16    2    1    1     1     1     8    1    1    1  6.34876E+14 0.00754 
];


DET_PIN_CE = [
 1.10000E-11  6.25000E-07  3.12506E-07
 6.25000E-07  1.96400E+01  9.82000E+00
];

DET_PIN_D = [
    1    1    1    1     1     1     1    1    1    1  7.34582E+13 0.00780 
    2    1    1    1     1     1     2    1    1    1  2.15789E+12 0.00775 
    3    1    1    1     1     1     3    1    1    1  6.40152E+14 0.00842 
    4    1    1    1     1     1     4    1    1    1  4.13877E+14 0.00761 
    5    1    1    1     1     1     5    1    1    1  4.20248E+14 0.00792 
    6    1    1    1     1     1     6    1    1    1  2.11490E+07 0.00776 
    7    1    1    1     1     1     7    1    1    1  1.15242E+15 0.00772 
    8    1    1    1     1     1     8    1    1    1  1.12042E+15 0.00755 
    9    2    1    1     1     1     1    1    1    1  5.45356E+13 0.01346 
   10    2    1    1     1     1     2    1    1    1  2.52364E+13 0.00852 
   11    2    1    1     1     1     3    1    1    1  6.88990E+13 0.01728 
   12    2    1    1     1     1     4    1    1    1  6.74255E+13 0.02574 
   13    2    1    1     1     1     5    1    1    1  1.09905E+14 0.01009 
   14    2    1    1     1     1     6    1    1    1  1.32206E+12 0.01096 
   15    2    1    1     1     1     7    1    1    1  1.15309E+14 0.01345 
   16    2    1    1     1     1     8    1    1    1  2.15568E+14 0.01217 
];


DET_PIN_DE = [
 1.10000E-11  6.25000E-07  3.12506E-07
 6.25000E-07  1.96400E+01  9.82000E+00
];
