
DET_FLUX_2G = [
    1    1    1    1     1     1     1    1    1    1  8.44460E+13 0.00195 
    2    2    1    1     1     1     1    1    1    1  7.46025E+14 0.00209 
];


DET_FLUX_2GE = [
 1.10000E-11  6.25000E-07  3.12506E-07
 6.25000E-07  1.96400E+01  9.82000E+00
];

DET_PIN_A = [
    1    1    1    1     1     1     1    1    1    1  6.58709E+14 0.00286 
    2    1    1    1     1     1     2    1    1    1  1.94838E+13 0.00287 
    3    1    1    1     1     1     3    1    1    1  5.66304E+15 0.00302 
    4    1    1    1     1     1     4    1    1    1  3.68765E+15 0.00256 
    5    1    1    1     1     1     5    1    1    1  3.77897E+15 0.00296 
    6    1    1    1     1     1     6    1    1    1  1.90922E+08 0.00288 
    7    1    1    1     1     1     7    1    1    1  1.02313E+16 0.00267 
    8    1    1    1     1     1     8    1    1    1  1.00288E+16 0.00261 
    9    2    1    1     1     1     1    1    1    1  5.51606E+14 0.00512 
   10    2    1    1     1     1     2    1    1    1  8.59782E+13 0.00465 
   11    2    1    1     1     1     3    1    1    1  7.06554E+14 0.00669 
   12    2    1    1     1     1     4    1    1    1  6.99222E+14 0.00917 
   13    2    1    1     1     1     5    1    1    1  1.13422E+15 0.00399 
   14    2    1    1     1     1     6    1    1    1  1.48839E+13 0.00484 
   15    2    1    1     1     1     7    1    1    1  1.20414E+15 0.00497 
   16    2    1    1     1     1     8    1    1    1  2.18144E+15 0.00498 
];


DET_PIN_AE = [
 1.10000E-11  6.25000E-07  3.12506E-07
 6.25000E-07  1.96400E+01  9.82000E+00
];

DET_PIN_B = [
    1    1    1    1     1     1     1    1    1    1  4.12892E+14 0.00354 
    2    1    1    1     1     1     2    1    1    1  1.21862E+13 0.00353 
    3    1    1    1     1     1     3    1    1    1  3.54855E+15 0.00393 
    4    1    1    1     1     1     4    1    1    1  2.30668E+15 0.00333 
    5    1    1    1     1     1     5    1    1    1  2.36753E+15 0.00366 
    6    1    1    1     1     1     6    1    1    1  1.19420E+08 0.00355 
    7    1    1    1     1     1     7    1    1    1  6.41228E+15 0.00344 
    8    1    1    1     1     1     8    1    1    1  6.26312E+15 0.00330 
    9    2    1    1     1     1     1    1    1    1  3.35037E+14 0.00622 
   10    2    1    1     1     1     2    1    1    1  5.89429E+13 0.00553 
   11    2    1    1     1     1     3    1    1    1  4.28352E+14 0.00864 
   12    2    1    1     1     1     4    1    1    1  4.22355E+14 0.01152 
   13    2    1    1     1     1     5    1    1    1  6.86725E+14 0.00459 
   14    2    1    1     1     1     6    1    1    1  8.82594E+12 0.00538 
   15    2    1    1     1     1     7    1    1    1  7.29746E+14 0.00641 
   16    2    1    1     1     1     8    1    1    1  1.32508E+15 0.00582 
];


DET_PIN_BE = [
 1.10000E-11  6.25000E-07  3.12506E-07
 6.25000E-07  1.96400E+01  9.82000E+00
];

DET_PIN_C = [
    1    1    1    1     1     1     1    1    1    1  2.12188E+14 0.00486 
    2    1    1    1     1     1     2    1    1    1  6.25014E+12 0.00479 
    3    1    1    1     1     1     3    1    1    1  1.81402E+15 0.00555 
    4    1    1    1     1     1     4    1    1    1  1.18238E+15 0.00491 
    5    1    1    1     1     1     5    1    1    1  1.21627E+15 0.00492 
    6    1    1    1     1     1     6    1    1    1  6.12580E+07 0.00480 
    7    1    1    1     1     1     7    1    1    1  3.28122E+15 0.00499 
    8    1    1    1     1     1     8    1    1    1  3.21146E+15 0.00481 
    9    2    1    1     1     1     1    1    1    1  1.71748E+14 0.00883 
   10    2    1    1     1     1     2    1    1    1  4.01131E+13 0.00665 
   11    2    1    1     1     1     3    1    1    1  2.16685E+14 0.01102 
   12    2    1    1     1     1     4    1    1    1  2.18366E+14 0.01510 
   13    2    1    1     1     1     5    1    1    1  3.47509E+14 0.00663 
   14    2    1    1     1     1     6    1    1    1  4.43807E+12 0.00665 
   15    2    1    1     1     1     7    1    1    1  3.71059E+14 0.00851 
   16    2    1    1     1     1     8    1    1    1  6.84712E+14 0.00746 
];


DET_PIN_CE = [
 1.10000E-11  6.25000E-07  3.12506E-07
 6.25000E-07  1.96400E+01  9.82000E+00
];

DET_PIN_D = [
    1    1    1    1     1     1     1    1    1    1  7.21422E+13 0.00760 
    2    1    1    1     1     1     2    1    1    1  2.12376E+12 0.00760 
    3    1    1    1     1     1     3    1    1    1  6.24760E+14 0.00833 
    4    1    1    1     1     1     4    1    1    1  4.05421E+14 0.00753 
    5    1    1    1     1     1     5    1    1    1  4.12951E+14 0.00775 
    6    1    1    1     1     1     6    1    1    1  2.08119E+07 0.00762 
    7    1    1    1     1     1     7    1    1    1  1.12643E+15 0.00761 
    8    1    1    1     1     1     8    1    1    1  1.09814E+15 0.00745 
    9    2    1    1     1     1     1    1    1    1  5.73979E+13 0.01343 
   10    2    1    1     1     1     2    1    1    1  2.80254E+13 0.00939 
   11    2    1    1     1     1     3    1    1    1  7.41868E+13 0.01655 
   12    2    1    1     1     1     4    1    1    1  7.45804E+13 0.02289 
   13    2    1    1     1     1     5    1    1    1  1.16539E+14 0.01016 
   14    2    1    1     1     1     6    1    1    1  1.45419E+12 0.01042 
   15    2    1    1     1     1     7    1    1    1  1.25156E+14 0.01261 
   16    2    1    1     1     1     8    1    1    1  2.30967E+14 0.01159 
];


DET_PIN_DE = [
 1.10000E-11  6.25000E-07  3.12506E-07
 6.25000E-07  1.96400E+01  9.82000E+00
];
