
DET_FLUX_2G = [
    1    1    1    1     1     1     1    1    1    1  8.42994E+13 0.00213 
    2    2    1    1     1     1     1    1    1    1  8.41146E+14 0.00221 
];


DET_FLUX_2GE = [
 1.10000E-11  6.25000E-07  3.12506E-07
 6.25000E-07  1.96400E+01  9.82000E+00
];

DET_PIN_A = [
    1    1    1    1     1     1     1    1    1    1  6.51751E+14 0.00309 
    2    1    1    1     1     1     2    1    1    1  1.93285E+13 0.00304 
    3    1    1    1     1     1     3    1    1    1  5.47453E+15 0.00320 
    4    1    1    1     1     1     4    1    1    1  3.59597E+15 0.00296 
    5    1    1    1     1     1     5    1    1    1  3.74708E+15 0.00315 
    6    1    1    1     1     1     6    1    1    1  1.89399E+08 0.00305 
    7    1    1    1     1     1     7    1    1    1  9.95023E+15 0.00284 
    8    1    1    1     1     1     8    1    1    1  9.80671E+15 0.00299 
    9    2    1    1     1     1     1    1    1    1  6.20966E+14 0.00551 
   10    2    1    1     1     1     2    1    1    1  9.66339E+13 0.00448 
   11    2    1    1     1     1     3    1    1    1  7.77998E+14 0.00681 
   12    2    1    1     1     1     4    1    1    1  7.82556E+14 0.00886 
   13    2    1    1     1     1     5    1    1    1  1.26261E+15 0.00442 
   14    2    1    1     1     1     6    1    1    1  1.69148E+13 0.00436 
   15    2    1    1     1     1     7    1    1    1  1.33437E+15 0.00528 
   16    2    1    1     1     1     8    1    1    1  2.42645E+15 0.00493 
];


DET_PIN_AE = [
 1.10000E-11  6.25000E-07  3.12506E-07
 6.25000E-07  1.96400E+01  9.82000E+00
];

DET_PIN_B = [
    1    1    1    1     1     1     1    1    1    1  4.07671E+14 0.00413 
    2    1    1    1     1     1     2    1    1    1  1.20569E+13 0.00412 
    3    1    1    1     1     1     3    1    1    1  3.44411E+15 0.00397 
    4    1    1    1     1     1     4    1    1    1  2.25609E+15 0.00368 
    5    1    1    1     1     1     5    1    1    1  2.34170E+15 0.00425 
    6    1    1    1     1     1     6    1    1    1  1.18154E+08 0.00413 
    7    1    1    1     1     1     7    1    1    1  6.25090E+15 0.00366 
    8    1    1    1     1     1     8    1    1    1  6.13939E+15 0.00377 
    9    2    1    1     1     1     1    1    1    1  3.75865E+14 0.00726 
   10    2    1    1     1     1     2    1    1    1  6.67647E+13 0.00515 
   11    2    1    1     1     1     3    1    1    1  4.69937E+14 0.00790 
   12    2    1    1     1     1     4    1    1    1  4.57077E+14 0.01061 
   13    2    1    1     1     1     5    1    1    1  7.57699E+14 0.00528 
   14    2    1    1     1     1     6    1    1    1  9.99111E+12 0.00518 
   15    2    1    1     1     1     7    1    1    1  8.03454E+14 0.00615 
   16    2    1    1     1     1     8    1    1    1  1.45910E+15 0.00546 
];


DET_PIN_BE = [
 1.10000E-11  6.25000E-07  3.12506E-07
 6.25000E-07  1.96400E+01  9.82000E+00
];

DET_PIN_C = [
    1    1    1    1     1     1     1    1    1    1  2.12650E+14 0.00532 
    2    1    1    1     1     1     2    1    1    1  6.26985E+12 0.00523 
    3    1    1    1     1     1     3    1    1    1  1.81094E+15 0.00563 
    4    1    1    1     1     1     4    1    1    1  1.18059E+15 0.00506 
    5    1    1    1     1     1     5    1    1    1  1.21984E+15 0.00541 
    6    1    1    1     1     1     6    1    1    1  6.14470E+07 0.00524 
    7    1    1    1     1     1     7    1    1    1  3.28010E+15 0.00513 
    8    1    1    1     1     1     8    1    1    1  3.20513E+15 0.00502 
    9    2    1    1     1     1     1    1    1    1  1.91837E+14 0.00862 
   10    2    1    1     1     1     2    1    1    1  4.63517E+13 0.00699 
   11    2    1    1     1     1     3    1    1    1  2.41001E+14 0.01080 
   12    2    1    1     1     1     4    1    1    1  2.35120E+14 0.01344 
   13    2    1    1     1     1     5    1    1    1  3.89737E+14 0.00643 
   14    2    1    1     1     1     6    1    1    1  4.94742E+12 0.00687 
   15    2    1    1     1     1     7    1    1    1  4.05588E+14 0.00829 
   16    2    1    1     1     1     8    1    1    1  7.49053E+14 0.00701 
];


DET_PIN_CE = [
 1.10000E-11  6.25000E-07  3.12506E-07
 6.25000E-07  1.96400E+01  9.82000E+00
];

DET_PIN_D = [
    1    1    1    1     1     1     1    1    1    1  7.15575E+13 0.00801 
    2    1    1    1     1     1     2    1    1    1  2.10641E+12 0.00792 
    3    1    1    1     1     1     3    1    1    1  6.20209E+14 0.00773 
    4    1    1    1     1     1     4    1    1    1  3.99806E+14 0.00723 
    5    1    1    1     1     1     5    1    1    1  4.09928E+14 0.00819 
    6    1    1    1     1     1     6    1    1    1  2.06419E+07 0.00794 
    7    1    1    1     1     1     7    1    1    1  1.11897E+15 0.00718 
    8    1    1    1     1     1     8    1    1    1  1.08198E+15 0.00729 
    9    2    1    1     1     1     1    1    1    1  6.32213E+13 0.01458 
   10    2    1    1     1     1     2    1    1    1  3.15251E+13 0.01024 
   11    2    1    1     1     1     3    1    1    1  8.06920E+13 0.01796 
   12    2    1    1     1     1     4    1    1    1  7.76809E+13 0.02154 
   13    2    1    1     1     1     5    1    1    1  1.27679E+14 0.01044 
   14    2    1    1     1     1     6    1    1    1  1.67413E+12 0.01150 
   15    2    1    1     1     1     7    1    1    1  1.36924E+14 0.01243 
   16    2    1    1     1     1     8    1    1    1  2.48723E+14 0.01083 
];


DET_PIN_DE = [
 1.10000E-11  6.25000E-07  3.12506E-07
 6.25000E-07  1.96400E+01  9.82000E+00
];
