
DET_FLUX_2G = [
    1    1    1    1     1     1     1    1    1    1  9.89532E+13 0.00151 
    2    2    1    1     1     1     1    1    1    1  5.53434E+14 0.00204 
];


DET_FLUX_2GE = [
 1.10000E-11  6.25000E-07  3.12506E-07
 6.25000E-07  1.96400E+01  9.82000E+00
];

DET_PIN_A = [
    1    1    1    1     1     1     1    1    1    1  8.03710E+14 0.00207 
    2    1    1    1     1     1     2    1    1    1  2.34323E+13 0.00201 
    3    1    1    1     1     1     3    1    1    1  7.58820E+15 0.00375 
    4    1    1    1     1     1     4    1    1    1  4.73345E+15 0.00261 
    5    1    1    1     1     1     5    1    1    1  4.56420E+15 0.00205 
    6    1    1    1     1     1     6    1    1    1  2.29640E+08 0.00201 
    7    1    1    1     1     1     7    1    1    1  1.34026E+16 0.00323 
    8    1    1    1     1     1     8    1    1    1  1.27129E+16 0.00239 
    9    2    1    1     1     1     1    1    1    1  4.06763E+14 0.00469 
   10    2    1    1     1     1     2    1    1    1  6.42275E+13 0.00439 
   11    2    1    1     1     1     3    1    1    1  5.72972E+14 0.00783 
   12    2    1    1     1     1     4    1    1    1  5.42411E+14 0.00953 
   13    2    1    1     1     1     5    1    1    1  8.70684E+14 0.00355 
   14    2    1    1     1     1     6    1    1    1  1.06727E+13 0.00453 
   15    2    1    1     1     1     7    1    1    1  9.60251E+14 0.00585 
   16    2    1    1     1     1     8    1    1    1  1.69844E+15 0.00517 
];


DET_PIN_AE = [
 1.10000E-11  6.25000E-07  3.12506E-07
 6.25000E-07  1.96400E+01  9.82000E+00
];

DET_PIN_B = [
    1    1    1    1     1     1     1    1    1    1  4.99459E+14 0.00270 
    2    1    1    1     1     1     2    1    1    1  1.45335E+13 0.00265 
    3    1    1    1     1     1     3    1    1    1  4.63094E+15 0.00458 
    4    1    1    1     1     1     4    1    1    1  2.91937E+15 0.00334 
    5    1    1    1     1     1     5    1    1    1  2.83674E+15 0.00271 
    6    1    1    1     1     1     6    1    1    1  1.42457E+08 0.00266 
    7    1    1    1     1     1     7    1    1    1  8.20811E+15 0.00391 
    8    1    1    1     1     1     8    1    1    1  7.84986E+15 0.00308 
    9    2    1    1     1     1     1    1    1    1  2.48387E+14 0.00566 
   10    2    1    1     1     1     2    1    1    1  4.40606E+13 0.00527 
   11    2    1    1     1     1     3    1    1    1  3.52128E+14 0.00991 
   12    2    1    1     1     1     4    1    1    1  3.40308E+14 0.01267 
   13    2    1    1     1     1     5    1    1    1  5.28984E+14 0.00425 
   14    2    1    1     1     1     6    1    1    1  6.34108E+12 0.00501 
   15    2    1    1     1     1     7    1    1    1  5.92365E+14 0.00722 
   16    2    1    1     1     1     8    1    1    1  1.04162E+15 0.00654 
];


DET_PIN_BE = [
 1.10000E-11  6.25000E-07  3.12506E-07
 6.25000E-07  1.96400E+01  9.82000E+00
];

DET_PIN_C = [
    1    1    1    1     1     1     1    1    1    1  2.57035E+14 0.00426 
    2    1    1    1     1     1     2    1    1    1  7.47157E+12 0.00415 
    3    1    1    1     1     1     3    1    1    1  2.36272E+15 0.00642 
    4    1    1    1     1     1     4    1    1    1  1.49241E+15 0.00489 
    5    1    1    1     1     1     5    1    1    1  1.46094E+15 0.00425 
    6    1    1    1     1     1     6    1    1    1  7.32441E+07 0.00415 
    7    1    1    1     1     1     7    1    1    1  4.19708E+15 0.00564 
    8    1    1    1     1     1     8    1    1    1  4.01341E+15 0.00457 
    9    2    1    1     1     1     1    1    1    1  1.26025E+14 0.00782 
   10    2    1    1     1     1     2    1    1    1  2.96427E+13 0.00697 
   11    2    1    1     1     1     3    1    1    1  1.72857E+14 0.01370 
   12    2    1    1     1     1     4    1    1    1  1.71314E+14 0.01654 
   13    2    1    1     1     1     5    1    1    1  2.66593E+14 0.00544 
   14    2    1    1     1     1     6    1    1    1  3.19920E+12 0.00658 
   15    2    1    1     1     1     7    1    1    1  2.91155E+14 0.00996 
   16    2    1    1     1     1     8    1    1    1  5.28126E+14 0.00859 
];


DET_PIN_CE = [
 1.10000E-11  6.25000E-07  3.12506E-07
 6.25000E-07  1.96400E+01  9.82000E+00
];

DET_PIN_D = [
    1    1    1    1     1     1     1    1    1    1  8.74341E+13 0.00722 
    2    1    1    1     1     1     2    1    1    1  2.53781E+12 0.00717 
    3    1    1    1     1     1     3    1    1    1  8.02757E+14 0.01035 
    4    1    1    1     1     1     4    1    1    1  5.08056E+14 0.00802 
    5    1    1    1     1     1     5    1    1    1  4.96614E+14 0.00727 
    6    1    1    1     1     1     6    1    1    1  2.48791E+07 0.00718 
    7    1    1    1     1     1     7    1    1    1  1.42594E+15 0.00913 
    8    1    1    1     1     1     8    1    1    1  1.36517E+15 0.00762 
    9    2    1    1     1     1     1    1    1    1  4.26275E+13 0.01368 
   10    2    1    1     1     1     2    1    1    1  2.01862E+13 0.00923 
   11    2    1    1     1     1     3    1    1    1  5.71128E+13 0.02382 
   12    2    1    1     1     1     4    1    1    1  5.59301E+13 0.02741 
   13    2    1    1     1     1     5    1    1    1  8.87815E+13 0.00928 
   14    2    1    1     1     1     6    1    1    1  1.03034E+12 0.01135 
   15    2    1    1     1     1     7    1    1    1  9.68853E+13 0.01723 
   16    2    1    1     1     1     8    1    1    1  1.74430E+14 0.01391 
];


DET_PIN_DE = [
 1.10000E-11  6.25000E-07  3.12506E-07
 6.25000E-07  1.96400E+01  9.82000E+00
];
