
DET_FLUX_2G = [
    1    1    1    1     1     1     1    1    1    1  8.88205E+13 0.00163 
    2    2    1    1     1     1     1    1    1    1  6.18637E+14 0.00210 
];


DET_FLUX_2GE = [
 1.10000E-11  6.25000E-07  3.12506E-07
 6.25000E-07  1.96400E+01  9.82000E+00
];

DET_PIN_A = [
    1    1    1    1     1     1     1    1    1    1  7.03933E+14 0.00232 
    2    1    1    1     1     1     2    1    1    1  2.06978E+13 0.00227 
    3    1    1    1     1     1     3    1    1    1  6.33731E+15 0.00345 
    4    1    1    1     1     1     4    1    1    1  4.03194E+15 0.00255 
    5    1    1    1     1     1     5    1    1    1  4.02040E+15 0.00237 
    6    1    1    1     1     1     6    1    1    1  2.02821E+08 0.00228 
    7    1    1    1     1     1     7    1    1    1  1.13234E+16 0.00294 
    8    1    1    1     1     1     8    1    1    1  1.09015E+16 0.00241 
    9    2    1    1     1     1     1    1    1    1  4.48913E+14 0.00499 
   10    2    1    1     1     1     2    1    1    1  7.07889E+13 0.00455 
   11    2    1    1     1     1     3    1    1    1  6.07617E+14 0.00770 
   12    2    1    1     1     1     4    1    1    1  5.99675E+14 0.00962 
   13    2    1    1     1     1     5    1    1    1  9.49655E+14 0.00378 
   14    2    1    1     1     1     6    1    1    1  1.21705E+13 0.00440 
   15    2    1    1     1     1     7    1    1    1  1.03402E+15 0.00557 
   16    2    1    1     1     1     8    1    1    1  1.86694E+15 0.00493 
];


DET_PIN_AE = [
 1.10000E-11  6.25000E-07  3.12506E-07
 6.25000E-07  1.96400E+01  9.82000E+00
];

DET_PIN_B = [
    1    1    1    1     1     1     1    1    1    1  4.40627E+14 0.00322 
    2    1    1    1     1     1     2    1    1    1  1.29155E+13 0.00317 
    3    1    1    1     1     1     3    1    1    1  3.96369E+15 0.00450 
    4    1    1    1     1     1     4    1    1    1  2.52758E+15 0.00354 
    5    1    1    1     1     1     5    1    1    1  2.51343E+15 0.00326 
    6    1    1    1     1     1     6    1    1    1  1.26574E+08 0.00317 
    7    1    1    1     1     1     7    1    1    1  7.08015E+15 0.00393 
    8    1    1    1     1     1     8    1    1    1  6.82323E+15 0.00336 
    9    2    1    1     1     1     1    1    1    1  2.77028E+14 0.00591 
   10    2    1    1     1     1     2    1    1    1  4.88663E+13 0.00527 
   11    2    1    1     1     1     3    1    1    1  3.70749E+14 0.00885 
   12    2    1    1     1     1     4    1    1    1  3.51766E+14 0.01134 
   13    2    1    1     1     1     5    1    1    1  5.80304E+14 0.00437 
   14    2    1    1     1     1     6    1    1    1  7.23194E+12 0.00558 
   15    2    1    1     1     1     7    1    1    1  6.26277E+14 0.00639 
   16    2    1    1     1     1     8    1    1    1  1.11906E+15 0.00595 
];


DET_PIN_BE = [
 1.10000E-11  6.25000E-07  3.12506E-07
 6.25000E-07  1.96400E+01  9.82000E+00
];

DET_PIN_C = [
    1    1    1    1     1     1     1    1    1    1  2.27881E+14 0.00434 
    2    1    1    1     1     1     2    1    1    1  6.66864E+12 0.00432 
    3    1    1    1     1     1     3    1    1    1  2.03716E+15 0.00529 
    4    1    1    1     1     1     4    1    1    1  1.30306E+15 0.00441 
    5    1    1    1     1     1     5    1    1    1  1.29972E+15 0.00442 
    6    1    1    1     1     1     6    1    1    1  6.53610E+07 0.00433 
    7    1    1    1     1     1     7    1    1    1  3.64356E+15 0.00472 
    8    1    1    1     1     1     8    1    1    1  3.51854E+15 0.00428 
    9    2    1    1     1     1     1    1    1    1  1.42031E+14 0.00789 
   10    2    1    1     1     1     2    1    1    1  3.31207E+13 0.00667 
   11    2    1    1     1     1     3    1    1    1  1.88152E+14 0.01217 
   12    2    1    1     1     1     4    1    1    1  1.79559E+14 0.01516 
   13    2    1    1     1     1     5    1    1    1  2.93516E+14 0.00571 
   14    2    1    1     1     1     6    1    1    1  3.57787E+12 0.00687 
   15    2    1    1     1     1     7    1    1    1  3.13491E+14 0.00832 
   16    2    1    1     1     1     8    1    1    1  5.72235E+14 0.00761 
];


DET_PIN_CE = [
 1.10000E-11  6.25000E-07  3.12506E-07
 6.25000E-07  1.96400E+01  9.82000E+00
];

DET_PIN_D = [
    1    1    1    1     1     1     1    1    1    1  7.78203E+13 0.00786 
    2    1    1    1     1     1     2    1    1    1  2.26971E+12 0.00773 
    3    1    1    1     1     1     3    1    1    1  6.97321E+14 0.00872 
    4    1    1    1     1     1     4    1    1    1  4.44917E+14 0.00776 
    5    1    1    1     1     1     5    1    1    1  4.43289E+14 0.00793 
    6    1    1    1     1     1     6    1    1    1  2.22475E+07 0.00775 
    7    1    1    1     1     1     7    1    1    1  1.24645E+15 0.00802 
    8    1    1    1     1     1     8    1    1    1  1.19855E+15 0.00764 
    9    2    1    1     1     1     1    1    1    1  4.84094E+13 0.01281 
   10    2    1    1     1     1     2    1    1    1  2.25968E+13 0.00972 
   11    2    1    1     1     1     3    1    1    1  6.44111E+13 0.02049 
   12    2    1    1     1     1     4    1    1    1  5.94612E+13 0.02652 
   13    2    1    1     1     1     5    1    1    1  9.90264E+13 0.00984 
   14    2    1    1     1     1     6    1    1    1  1.15867E+12 0.01109 
   15    2    1    1     1     1     7    1    1    1  1.05849E+14 0.01510 
   16    2    1    1     1     1     8    1    1    1  1.89936E+14 0.01289 
];


DET_PIN_DE = [
 1.10000E-11  6.25000E-07  3.12506E-07
 6.25000E-07  1.96400E+01  9.82000E+00
];
