
DET_FLUX_2G = [
    1    1    1    1     1     1     1    1    1    1  8.85185E+13 0.00162 
    2    2    1    1     1     1     1    1    1    1  6.21515E+14 0.00215 
];


DET_FLUX_2GE = [
 1.10000E-11  6.25000E-07  3.12506E-07
 6.25000E-07  1.96400E+01  9.82000E+00
];

DET_PIN_A = [
    1    1    1    1     1     1     1    1    1    1  7.01342E+14 0.00223 
    2    1    1    1     1     1     2    1    1    1  2.05973E+13 0.00218 
    3    1    1    1     1     1     3    1    1    1  6.32602E+15 0.00379 
    4    1    1    1     1     1     4    1    1    1  4.03375E+15 0.00273 
    5    1    1    1     1     1     5    1    1    1  4.00217E+15 0.00225 
    6    1    1    1     1     1     6    1    1    1  2.01834E+08 0.00218 
    7    1    1    1     1     1     7    1    1    1  1.12941E+16 0.00319 
    8    1    1    1     1     1     8    1    1    1  1.08920E+16 0.00251 
    9    2    1    1     1     1     1    1    1    1  4.56550E+14 0.00489 
   10    2    1    1     1     1     2    1    1    1  7.12311E+13 0.00445 
   11    2    1    1     1     1     3    1    1    1  6.12728E+14 0.00742 
   12    2    1    1     1     1     4    1    1    1  6.05114E+14 0.00944 
   13    2    1    1     1     1     5    1    1    1  9.63129E+14 0.00366 
   14    2    1    1     1     1     6    1    1    1  1.22728E+13 0.00438 
   15    2    1    1     1     1     7    1    1    1  1.04738E+15 0.00540 
   16    2    1    1     1     1     8    1    1    1  1.87791E+15 0.00517 
];


DET_PIN_AE = [
 1.10000E-11  6.25000E-07  3.12506E-07
 6.25000E-07  1.96400E+01  9.82000E+00
];

DET_PIN_B = [
    1    1    1    1     1     1     1    1    1    1  4.39204E+14 0.00330 
    2    1    1    1     1     1     2    1    1    1  1.28694E+13 0.00325 
    3    1    1    1     1     1     3    1    1    1  3.94096E+15 0.00429 
    4    1    1    1     1     1     4    1    1    1  2.51878E+15 0.00341 
    5    1    1    1     1     1     5    1    1    1  2.50552E+15 0.00337 
    6    1    1    1     1     1     6    1    1    1  1.26125E+08 0.00326 
    7    1    1    1     1     1     7    1    1    1  7.04321E+15 0.00374 
    8    1    1    1     1     1     8    1    1    1  6.80029E+15 0.00325 
    9    2    1    1     1     1     1    1    1    1  2.76825E+14 0.00608 
   10    2    1    1     1     1     2    1    1    1  4.88973E+13 0.00526 
   11    2    1    1     1     1     3    1    1    1  3.72073E+14 0.00924 
   12    2    1    1     1     1     4    1    1    1  3.59336E+14 0.01185 
   13    2    1    1     1     1     5    1    1    1  5.80794E+14 0.00455 
   14    2    1    1     1     1     6    1    1    1  7.16120E+12 0.00507 
   15    2    1    1     1     1     7    1    1    1  6.28434E+14 0.00653 
   16    2    1    1     1     1     8    1    1    1  1.13884E+15 0.00617 
];


DET_PIN_BE = [
 1.10000E-11  6.25000E-07  3.12506E-07
 6.25000E-07  1.96400E+01  9.82000E+00
];

DET_PIN_C = [
    1    1    1    1     1     1     1    1    1    1  2.25457E+14 0.00468 
    2    1    1    1     1     1     2    1    1    1  6.60248E+12 0.00456 
    3    1    1    1     1     1     3    1    1    1  1.99663E+15 0.00567 
    4    1    1    1     1     1     4    1    1    1  1.28185E+15 0.00484 
    5    1    1    1     1     1     5    1    1    1  1.28731E+15 0.00474 
    6    1    1    1     1     1     6    1    1    1  6.47158E+07 0.00457 
    7    1    1    1     1     1     7    1    1    1  3.57977E+15 0.00508 
    8    1    1    1     1     1     8    1    1    1  3.46529E+15 0.00466 
    9    2    1    1     1     1     1    1    1    1  1.39169E+14 0.00774 
   10    2    1    1     1     1     2    1    1    1  3.30683E+13 0.00689 
   11    2    1    1     1     1     3    1    1    1  1.90141E+14 0.01268 
   12    2    1    1     1     1     4    1    1    1  1.81855E+14 0.01496 
   13    2    1    1     1     1     5    1    1    1  2.93059E+14 0.00557 
   14    2    1    1     1     1     6    1    1    1  3.60002E+12 0.00683 
   15    2    1    1     1     1     7    1    1    1  3.21752E+14 0.00912 
   16    2    1    1     1     1     8    1    1    1  5.79637E+14 0.00747 
];


DET_PIN_CE = [
 1.10000E-11  6.25000E-07  3.12506E-07
 6.25000E-07  1.96400E+01  9.82000E+00
];

DET_PIN_D = [
    1    1    1    1     1     1     1    1    1    1  7.67938E+13 0.00727 
    2    1    1    1     1     1     2    1    1    1  2.25003E+12 0.00718 
    3    1    1    1     1     1     3    1    1    1  6.86057E+14 0.00867 
    4    1    1    1     1     1     4    1    1    1  4.39426E+14 0.00748 
    5    1    1    1     1     1     5    1    1    1  4.37953E+14 0.00735 
    6    1    1    1     1     1     6    1    1    1  2.20498E+07 0.00719 
    7    1    1    1     1     1     7    1    1    1  1.22719E+15 0.00780 
    8    1    1    1     1     1     8    1    1    1  1.18553E+15 0.00726 
    9    2    1    1     1     1     1    1    1    1  4.81259E+13 0.01278 
   10    2    1    1     1     1     2    1    1    1  2.31809E+13 0.00886 
   11    2    1    1     1     1     3    1    1    1  6.28884E+13 0.01912 
   12    2    1    1     1     1     4    1    1    1  6.20682E+13 0.02665 
   13    2    1    1     1     1     5    1    1    1  9.90338E+13 0.00920 
   14    2    1    1     1     1     6    1    1    1  1.17343E+12 0.01120 
   15    2    1    1     1     1     7    1    1    1  1.06629E+14 0.01377 
   16    2    1    1     1     1     8    1    1    1  1.94595E+14 0.01258 
];


DET_PIN_DE = [
 1.10000E-11  6.25000E-07  3.12506E-07
 6.25000E-07  1.96400E+01  9.82000E+00
];
