
DET_FLUX_2G = [
    1    1    1    1     1     1     1    1    1    1  8.42275E+13 0.00197 
    2    2    1    1     1     1     1    1    1    1  7.91791E+14 0.00232 
];


DET_FLUX_2GE = [
 1.10000E-11  6.25000E-07  3.12506E-07
 6.25000E-07  1.96400E+01  9.82000E+00
];

DET_PIN_A = [
    1    1    1    1     1     1     1    1    1    1  6.59886E+14 0.00300 
    2    1    1    1     1     1     2    1    1    1  1.95214E+13 0.00300 
    3    1    1    1     1     1     3    1    1    1  5.59094E+15 0.00303 
    4    1    1    1     1     1     4    1    1    1  3.66354E+15 0.00268 
    5    1    1    1     1     1     5    1    1    1  3.78865E+15 0.00310 
    6    1    1    1     1     1     6    1    1    1  1.91303E+08 0.00301 
    7    1    1    1     1     1     7    1    1    1  1.01368E+16 0.00268 
    8    1    1    1     1     1     8    1    1    1  9.97648E+15 0.00274 
    9    2    1    1     1     1     1    1    1    1  5.82589E+14 0.00513 
   10    2    1    1     1     1     2    1    1    1  9.08659E+13 0.00471 
   11    2    1    1     1     1     3    1    1    1  7.44560E+14 0.00692 
   12    2    1    1     1     1     4    1    1    1  7.23474E+14 0.00887 
   13    2    1    1     1     1     5    1    1    1  1.19018E+15 0.00393 
   14    2    1    1     1     1     6    1    1    1  1.56743E+13 0.00446 
   15    2    1    1     1     1     7    1    1    1  1.26944E+15 0.00518 
   16    2    1    1     1     1     8    1    1    1  2.28418E+15 0.00486 
];


DET_PIN_AE = [
 1.10000E-11  6.25000E-07  3.12506E-07
 6.25000E-07  1.96400E+01  9.82000E+00
];

DET_PIN_B = [
    1    1    1    1     1     1     1    1    1    1  4.13394E+14 0.00370 
    2    1    1    1     1     1     2    1    1    1  1.22015E+13 0.00358 
    3    1    1    1     1     1     3    1    1    1  3.51047E+15 0.00401 
    4    1    1    1     1     1     4    1    1    1  2.29591E+15 0.00351 
    5    1    1    1     1     1     5    1    1    1  2.37205E+15 0.00376 
    6    1    1    1     1     1     6    1    1    1  1.19578E+08 0.00360 
    7    1    1    1     1     1     7    1    1    1  6.36176E+15 0.00359 
    8    1    1    1     1     1     8    1    1    1  6.24092E+15 0.00349 
    9    2    1    1     1     1     1    1    1    1  3.58820E+14 0.00630 
   10    2    1    1     1     1     2    1    1    1  6.27675E+13 0.00499 
   11    2    1    1     1     1     3    1    1    1  4.49775E+14 0.00865 
   12    2    1    1     1     1     4    1    1    1  4.40345E+14 0.01126 
   13    2    1    1     1     1     5    1    1    1  7.27351E+14 0.00486 
   14    2    1    1     1     1     6    1    1    1  9.39054E+12 0.00517 
   15    2    1    1     1     1     7    1    1    1  7.69917E+14 0.00668 
   16    2    1    1     1     1     8    1    1    1  1.39472E+15 0.00582 
];


DET_PIN_BE = [
 1.10000E-11  6.25000E-07  3.12506E-07
 6.25000E-07  1.96400E+01  9.82000E+00
];

DET_PIN_C = [
    1    1    1    1     1     1     1    1    1    1  2.10416E+14 0.00515 
    2    1    1    1     1     1     2    1    1    1  6.18588E+12 0.00511 
    3    1    1    1     1     1     3    1    1    1  1.81536E+15 0.00533 
    4    1    1    1     1     1     4    1    1    1  1.17671E+15 0.00476 
    5    1    1    1     1     1     5    1    1    1  1.20490E+15 0.00525 
    6    1    1    1     1     1     6    1    1    1  6.06266E+07 0.00512 
    7    1    1    1     1     1     7    1    1    1  3.27688E+15 0.00488 
    8    1    1    1     1     1     8    1    1    1  3.18799E+15 0.00472 
    9    2    1    1     1     1     1    1    1    1  1.82705E+14 0.00853 
   10    2    1    1     1     1     2    1    1    1  4.27858E+13 0.00735 
   11    2    1    1     1     1     3    1    1    1  2.25131E+14 0.01156 
   12    2    1    1     1     1     4    1    1    1  2.23955E+14 0.01392 
   13    2    1    1     1     1     5    1    1    1  3.67266E+14 0.00630 
   14    2    1    1     1     1     6    1    1    1  4.61181E+12 0.00696 
   15    2    1    1     1     1     7    1    1    1  3.86644E+14 0.00864 
   16    2    1    1     1     1     8    1    1    1  7.05333E+14 0.00718 
];


DET_PIN_CE = [
 1.10000E-11  6.25000E-07  3.12506E-07
 6.25000E-07  1.96400E+01  9.82000E+00
];

DET_PIN_D = [
    1    1    1    1     1     1     1    1    1    1  7.15222E+13 0.00720 
    2    1    1    1     1     1     2    1    1    1  2.10248E+12 0.00707 
    3    1    1    1     1     1     3    1    1    1  6.18308E+14 0.00811 
    4    1    1    1     1     1     4    1    1    1  4.00568E+14 0.00721 
    5    1    1    1     1     1     5    1    1    1  4.09590E+14 0.00728 
    6    1    1    1     1     1     6    1    1    1  2.06067E+07 0.00709 
    7    1    1    1     1     1     7    1    1    1  1.11563E+15 0.00733 
    8    1    1    1     1     1     8    1    1    1  1.08557E+15 0.00712 
    9    2    1    1     1     1     1    1    1    1  6.05160E+13 0.01371 
   10    2    1    1     1     1     2    1    1    1  2.96231E+13 0.00915 
   11    2    1    1     1     1     3    1    1    1  7.66592E+13 0.01582 
   12    2    1    1     1     1     4    1    1    1  7.47397E+13 0.02216 
   13    2    1    1     1     1     5    1    1    1  1.21293E+14 0.01000 
   14    2    1    1     1     1     6    1    1    1  1.55453E+12 0.01138 
   15    2    1    1     1     1     7    1    1    1  1.32612E+14 0.01281 
   16    2    1    1     1     1     8    1    1    1  2.37430E+14 0.01217 
];


DET_PIN_DE = [
 1.10000E-11  6.25000E-07  3.12506E-07
 6.25000E-07  1.96400E+01  9.82000E+00
];
