
DET_FLUX_2G = [
    1    1    1    1     1     1     1    1    1    1  9.88622E+13 0.00145 
    2    2    1    1     1     1     1    1    1    1  5.57169E+14 0.00208 
];


DET_FLUX_2GE = [
 1.10000E-11  6.25000E-07  3.12506E-07
 6.25000E-07  1.96400E+01  9.82000E+00
];

DET_PIN_A = [
    1    1    1    1     1     1     1    1    1    1  8.01590E+14 0.00191 
    2    1    1    1     1     1     2    1    1    1  2.33696E+13 0.00186 
    3    1    1    1     1     1     3    1    1    1  7.58611E+15 0.00394 
    4    1    1    1     1     1     4    1    1    1  4.72306E+15 0.00268 
    5    1    1    1     1     1     5    1    1    1  4.55119E+15 0.00188 
    6    1    1    1     1     1     6    1    1    1  2.29012E+08 0.00186 
    7    1    1    1     1     1     7    1    1    1  1.33930E+16 0.00334 
    8    1    1    1     1     1     8    1    1    1  1.26732E+16 0.00239 
    9    2    1    1     1     1     1    1    1    1  4.08945E+14 0.00481 
   10    2    1    1     1     1     2    1    1    1  6.39567E+13 0.00455 
   11    2    1    1     1     1     3    1    1    1  5.67707E+14 0.00805 
   12    2    1    1     1     1     4    1    1    1  5.49404E+14 0.01009 
   13    2    1    1     1     1     5    1    1    1  8.75172E+14 0.00359 
   14    2    1    1     1     1     6    1    1    1  1.08314E+13 0.00462 
   15    2    1    1     1     1     7    1    1    1  9.67172E+14 0.00595 
   16    2    1    1     1     1     8    1    1    1  1.71130E+15 0.00555 
];


DET_PIN_AE = [
 1.10000E-11  6.25000E-07  3.12506E-07
 6.25000E-07  1.96400E+01  9.82000E+00
];

DET_PIN_B = [
    1    1    1    1     1     1     1    1    1    1  5.00529E+14 0.00270 
    2    1    1    1     1     1     2    1    1    1  1.45702E+13 0.00267 
    3    1    1    1     1     1     3    1    1    1  4.68714E+15 0.00447 
    4    1    1    1     1     1     4    1    1    1  2.93876E+15 0.00327 
    5    1    1    1     1     1     5    1    1    1  2.84248E+15 0.00272 
    6    1    1    1     1     1     6    1    1    1  1.42804E+08 0.00267 
    7    1    1    1     1     1     7    1    1    1  8.29174E+15 0.00386 
    8    1    1    1     1     1     8    1    1    1  7.89145E+15 0.00304 
    9    2    1    1     1     1     1    1    1    1  2.51272E+14 0.00571 
   10    2    1    1     1     1     2    1    1    1  4.43200E+13 0.00547 
   11    2    1    1     1     1     3    1    1    1  3.47175E+14 0.00993 
   12    2    1    1     1     1     4    1    1    1  3.31249E+14 0.01139 
   13    2    1    1     1     1     5    1    1    1  5.34628E+14 0.00434 
   14    2    1    1     1     1     6    1    1    1  6.37271E+12 0.00536 
   15    2    1    1     1     1     7    1    1    1  5.89399E+14 0.00680 
   16    2    1    1     1     1     8    1    1    1  1.04702E+15 0.00596 
];


DET_PIN_BE = [
 1.10000E-11  6.25000E-07  3.12506E-07
 6.25000E-07  1.96400E+01  9.82000E+00
];

DET_PIN_C = [
    1    1    1    1     1     1     1    1    1    1  2.58581E+14 0.00416 
    2    1    1    1     1     1     2    1    1    1  7.51578E+12 0.00399 
    3    1    1    1     1     1     3    1    1    1  2.41004E+15 0.00655 
    4    1    1    1     1     1     4    1    1    1  1.51298E+15 0.00488 
    5    1    1    1     1     1     5    1    1    1  1.46787E+15 0.00414 
    6    1    1    1     1     1     6    1    1    1  7.36693E+07 0.00400 
    7    1    1    1     1     1     7    1    1    1  4.26738E+15 0.00574 
    8    1    1    1     1     1     8    1    1    1  4.06285E+15 0.00454 
    9    2    1    1     1     1     1    1    1    1  1.28188E+14 0.00795 
   10    2    1    1     1     1     2    1    1    1  2.93870E+13 0.00671 
   11    2    1    1     1     1     3    1    1    1  1.67873E+14 0.01294 
   12    2    1    1     1     1     4    1    1    1  1.69675E+14 0.01641 
   13    2    1    1     1     1     5    1    1    1  2.68228E+14 0.00575 
   14    2    1    1     1     1     6    1    1    1  3.16811E+12 0.00686 
   15    2    1    1     1     1     7    1    1    1  2.83115E+14 0.00971 
   16    2    1    1     1     1     8    1    1    1  5.32816E+14 0.00866 
];


DET_PIN_CE = [
 1.10000E-11  6.25000E-07  3.12506E-07
 6.25000E-07  1.96400E+01  9.82000E+00
];

DET_PIN_D = [
    1    1    1    1     1     1     1    1    1    1  8.62747E+13 0.00741 
    2    1    1    1     1     1     2    1    1    1  2.50656E+12 0.00727 
    3    1    1    1     1     1     3    1    1    1  7.95105E+14 0.01057 
    4    1    1    1     1     1     4    1    1    1  5.03733E+14 0.00799 
    5    1    1    1     1     1     5    1    1    1  4.89791E+14 0.00748 
    6    1    1    1     1     1     6    1    1    1  2.45711E+07 0.00729 
    7    1    1    1     1     1     7    1    1    1  1.41062E+15 0.00933 
    8    1    1    1     1     1     8    1    1    1  1.35379E+15 0.00758 
    9    2    1    1     1     1     1    1    1    1  4.34621E+13 0.01309 
   10    2    1    1     1     1     2    1    1    1  2.02247E+13 0.00869 
   11    2    1    1     1     1     3    1    1    1  5.91300E+13 0.02212 
   12    2    1    1     1     1     4    1    1    1  5.61672E+13 0.02741 
   13    2    1    1     1     1     5    1    1    1  9.05547E+13 0.00914 
   14    2    1    1     1     1     6    1    1    1  1.06062E+12 0.01110 
   15    2    1    1     1     1     7    1    1    1  1.00175E+14 0.01663 
   16    2    1    1     1     1     8    1    1    1  1.78376E+14 0.01405 
];


DET_PIN_DE = [
 1.10000E-11  6.25000E-07  3.12506E-07
 6.25000E-07  1.96400E+01  9.82000E+00
];
