
DET_FLUX_2G = [
    1    1    1    1     1     1     1    1    1    1  9.79611E+13 0.00154 
    2    2    1    1     1     1     1    1    1    1  5.62990E+14 0.00216 
];


DET_FLUX_2GE = [
 1.10000E-11  6.25000E-07  3.12506E-07
 6.25000E-07  1.96400E+01  9.82000E+00
];

DET_PIN_A = [
    1    1    1    1     1     1     1    1    1    1  7.93447E+14 0.00199 
    2    1    1    1     1     1     2    1    1    1  2.31514E+13 0.00197 
    3    1    1    1     1     1     3    1    1    1  7.49874E+15 0.00363 
    4    1    1    1     1     1     4    1    1    1  4.67896E+15 0.00251 
    5    1    1    1     1     1     5    1    1    1  4.50627E+15 0.00200 
    6    1    1    1     1     1     6    1    1    1  2.26871E+08 0.00197 
    7    1    1    1     1     1     7    1    1    1  1.32417E+16 0.00310 
    8    1    1    1     1     1     8    1    1    1  1.25634E+16 0.00230 
    9    2    1    1     1     1     1    1    1    1  4.16660E+14 0.00465 
   10    2    1    1     1     1     2    1    1    1  6.50341E+13 0.00446 
   11    2    1    1     1     1     3    1    1    1  5.76341E+14 0.00769 
   12    2    1    1     1     1     4    1    1    1  5.55102E+14 0.01058 
   13    2    1    1     1     1     5    1    1    1  8.88301E+14 0.00367 
   14    2    1    1     1     1     6    1    1    1  1.09891E+13 0.00483 
   15    2    1    1     1     1     7    1    1    1  9.76300E+14 0.00581 
   16    2    1    1     1     1     8    1    1    1  1.72758E+15 0.00543 
];


DET_PIN_AE = [
 1.10000E-11  6.25000E-07  3.12506E-07
 6.25000E-07  1.96400E+01  9.82000E+00
];

DET_PIN_B = [
    1    1    1    1     1     1     1    1    1    1  4.93088E+14 0.00294 
    2    1    1    1     1     1     2    1    1    1  1.43673E+13 0.00289 
    3    1    1    1     1     1     3    1    1    1  4.59805E+15 0.00439 
    4    1    1    1     1     1     4    1    1    1  2.88344E+15 0.00334 
    5    1    1    1     1     1     5    1    1    1  2.80219E+15 0.00297 
    6    1    1    1     1     1     6    1    1    1  1.40815E+08 0.00290 
    7    1    1    1     1     1     7    1    1    1  8.14382E+15 0.00381 
    8    1    1    1     1     1     8    1    1    1  7.74816E+15 0.00315 
    9    2    1    1     1     1     1    1    1    1  2.54476E+14 0.00596 
   10    2    1    1     1     1     2    1    1    1  4.45381E+13 0.00528 
   11    2    1    1     1     1     3    1    1    1  3.48610E+14 0.01007 
   12    2    1    1     1     1     4    1    1    1  3.32527E+14 0.01278 
   13    2    1    1     1     1     5    1    1    1  5.35923E+14 0.00429 
   14    2    1    1     1     1     6    1    1    1  6.51190E+12 0.00526 
   15    2    1    1     1     1     7    1    1    1  5.88996E+14 0.00684 
   16    2    1    1     1     1     8    1    1    1  1.04231E+15 0.00639 
];


DET_PIN_BE = [
 1.10000E-11  6.25000E-07  3.12506E-07
 6.25000E-07  1.96400E+01  9.82000E+00
];

DET_PIN_C = [
    1    1    1    1     1     1     1    1    1    1  2.53755E+14 0.00435 
    2    1    1    1     1     1     2    1    1    1  7.38253E+12 0.00430 
    3    1    1    1     1     1     3    1    1    1  2.33793E+15 0.00607 
    4    1    1    1     1     1     4    1    1    1  1.47488E+15 0.00475 
    5    1    1    1     1     1     5    1    1    1  1.44229E+15 0.00440 
    6    1    1    1     1     1     6    1    1    1  7.23665E+07 0.00431 
    7    1    1    1     1     1     7    1    1    1  4.15124E+15 0.00536 
    8    1    1    1     1     1     8    1    1    1  3.96556E+15 0.00450 
    9    2    1    1     1     1     1    1    1    1  1.27391E+14 0.00728 
   10    2    1    1     1     1     2    1    1    1  2.98003E+13 0.00709 
   11    2    1    1     1     1     3    1    1    1  1.74429E+14 0.01294 
   12    2    1    1     1     1     4    1    1    1  1.73213E+14 0.01645 
   13    2    1    1     1     1     5    1    1    1  2.69931E+14 0.00551 
   14    2    1    1     1     1     6    1    1    1  3.20289E+12 0.00729 
   15    2    1    1     1     1     7    1    1    1  2.93728E+14 0.00927 
   16    2    1    1     1     1     8    1    1    1  5.33770E+14 0.00861 
];


DET_PIN_CE = [
 1.10000E-11  6.25000E-07  3.12506E-07
 6.25000E-07  1.96400E+01  9.82000E+00
];

DET_PIN_D = [
    1    1    1    1     1     1     1    1    1    1  8.60973E+13 0.00714 
    2    1    1    1     1     1     2    1    1    1  2.50190E+12 0.00698 
    3    1    1    1     1     1     3    1    1    1  7.89438E+14 0.01037 
    4    1    1    1     1     1     4    1    1    1  5.00256E+14 0.00822 
    5    1    1    1     1     1     5    1    1    1  4.89350E+14 0.00712 
    6    1    1    1     1     1     6    1    1    1  2.45262E+07 0.00699 
    7    1    1    1     1     1     7    1    1    1  1.40295E+15 0.00916 
    8    1    1    1     1     1     8    1    1    1  1.34490E+15 0.00774 
    9    2    1    1     1     1     1    1    1    1  4.33483E+13 0.01196 
   10    2    1    1     1     1     2    1    1    1  2.07338E+13 0.00909 
   11    2    1    1     1     1     3    1    1    1  5.89498E+13 0.02218 
   12    2    1    1     1     1     4    1    1    1  5.69250E+13 0.02798 
   13    2    1    1     1     1     5    1    1    1  9.05012E+13 0.00890 
   14    2    1    1     1     1     6    1    1    1  1.06483E+12 0.01158 
   15    2    1    1     1     1     7    1    1    1  1.00292E+14 0.01585 
   16    2    1    1     1     1     8    1    1    1  1.76828E+14 0.01408 
];


DET_PIN_DE = [
 1.10000E-11  6.25000E-07  3.12506E-07
 6.25000E-07  1.96400E+01  9.82000E+00
];
