
DET_FLUX_2G = [
    1    1    1    1     1     1     1    1    1    1  9.07870E+13 0.00157 
    2    2    1    1     1     1     1    1    1    1  5.97574E+14 0.00216 
];


DET_FLUX_2GE = [
 1.10000E-11  6.25000E-07  3.12506E-07
 6.25000E-07  1.96400E+01  9.82000E+00
];

DET_PIN_A = [
    1    1    1    1     1     1     1    1    1    1  7.28073E+14 0.00215 
    2    1    1    1     1     1     2    1    1    1  2.13268E+13 0.00214 
    3    1    1    1     1     1     3    1    1    1  6.71131E+15 0.00360 
    4    1    1    1     1     1     4    1    1    1  4.23073E+15 0.00262 
    5    1    1    1     1     1     5    1    1    1  4.14731E+15 0.00217 
    6    1    1    1     1     1     6    1    1    1  2.08985E+08 0.00215 
    7    1    1    1     1     1     7    1    1    1  1.19230E+16 0.00303 
    8    1    1    1     1     1     8    1    1    1  1.13945E+16 0.00244 
    9    2    1    1     1     1     1    1    1    1  4.39233E+14 0.00477 
   10    2    1    1     1     1     2    1    1    1  6.85967E+13 0.00437 
   11    2    1    1     1     1     3    1    1    1  5.96190E+14 0.00813 
   12    2    1    1     1     1     4    1    1    1  5.68888E+14 0.00999 
   13    2    1    1     1     1     5    1    1    1  9.31824E+14 0.00365 
   14    2    1    1     1     1     6    1    1    1  1.17522E+13 0.00442 
   15    2    1    1     1     1     7    1    1    1  1.01943E+15 0.00594 
   16    2    1    1     1     1     8    1    1    1  1.79726E+15 0.00540 
];


DET_PIN_AE = [
 1.10000E-11  6.25000E-07  3.12506E-07
 6.25000E-07  1.96400E+01  9.82000E+00
];

DET_PIN_B = [
    1    1    1    1     1     1     1    1    1    1  4.54434E+14 0.00294 
    2    1    1    1     1     1     2    1    1    1  1.32929E+13 0.00288 
    3    1    1    1     1     1     3    1    1    1  4.12675E+15 0.00412 
    4    1    1    1     1     1     4    1    1    1  2.61818E+15 0.00326 
    5    1    1    1     1     1     5    1    1    1  2.58957E+15 0.00297 
    6    1    1    1     1     1     6    1    1    1  1.30277E+08 0.00289 
    7    1    1    1     1     1     7    1    1    1  7.35543E+15 0.00357 
    8    1    1    1     1     1     8    1    1    1  7.05628E+15 0.00309 
    9    2    1    1     1     1     1    1    1    1  2.68301E+14 0.00596 
   10    2    1    1     1     1     2    1    1    1  4.71628E+13 0.00503 
   11    2    1    1     1     1     3    1    1    1  3.64915E+14 0.00928 
   12    2    1    1     1     1     4    1    1    1  3.55150E+14 0.01214 
   13    2    1    1     1     1     5    1    1    1  5.62293E+14 0.00439 
   14    2    1    1     1     1     6    1    1    1  6.93207E+12 0.00522 
   15    2    1    1     1     1     7    1    1    1  6.20040E+14 0.00655 
   16    2    1    1     1     1     8    1    1    1  1.10103E+15 0.00645 
];


DET_PIN_BE = [
 1.10000E-11  6.25000E-07  3.12506E-07
 6.25000E-07  1.96400E+01  9.82000E+00
];

DET_PIN_C = [
    1    1    1    1     1     1     1    1    1    1  2.33775E+14 0.00415 
    2    1    1    1     1     1     2    1    1    1  6.81735E+12 0.00414 
    3    1    1    1     1     1     3    1    1    1  2.12449E+15 0.00565 
    4    1    1    1     1     1     4    1    1    1  1.34812E+15 0.00440 
    5    1    1    1     1     1     5    1    1    1  1.33069E+15 0.00422 
    6    1    1    1     1     1     6    1    1    1  6.68204E+07 0.00415 
    7    1    1    1     1     1     7    1    1    1  3.78513E+15 0.00493 
    8    1    1    1     1     1     8    1    1    1  3.62818E+15 0.00425 
    9    2    1    1     1     1     1    1    1    1  1.38510E+14 0.00809 
   10    2    1    1     1     1     2    1    1    1  3.19108E+13 0.00663 
   11    2    1    1     1     1     3    1    1    1  1.83719E+14 0.01255 
   12    2    1    1     1     1     4    1    1    1  1.76403E+14 0.01665 
   13    2    1    1     1     1     5    1    1    1  2.87491E+14 0.00578 
   14    2    1    1     1     1     6    1    1    1  3.43630E+12 0.00701 
   15    2    1    1     1     1     7    1    1    1  3.11374E+14 0.00934 
   16    2    1    1     1     1     8    1    1    1  5.57646E+14 0.00831 
];


DET_PIN_CE = [
 1.10000E-11  6.25000E-07  3.12506E-07
 6.25000E-07  1.96400E+01  9.82000E+00
];

DET_PIN_D = [
    1    1    1    1     1     1     1    1    1    1  7.88142E+13 0.00743 
    2    1    1    1     1     1     2    1    1    1  2.29545E+12 0.00733 
    3    1    1    1     1     1     3    1    1    1  7.08814E+14 0.00869 
    4    1    1    1     1     1     4    1    1    1  4.52441E+14 0.00759 
    5    1    1    1     1     1     5    1    1    1  4.48646E+14 0.00752 
    6    1    1    1     1     1     6    1    1    1  2.25035E+07 0.00735 
    7    1    1    1     1     1     7    1    1    1  1.26529E+15 0.00797 
    8    1    1    1     1     1     8    1    1    1  1.22040E+15 0.00743 
    9    2    1    1     1     1     1    1    1    1  4.51797E+13 0.01252 
   10    2    1    1     1     1     2    1    1    1  2.17504E+13 0.00975 
   11    2    1    1     1     1     3    1    1    1  6.20644E+13 0.02067 
   12    2    1    1     1     1     4    1    1    1  6.17545E+13 0.02765 
   13    2    1    1     1     1     5    1    1    1  9.40439E+13 0.00906 
   14    2    1    1     1     1     6    1    1    1  1.14520E+12 0.01116 
   15    2    1    1     1     1     7    1    1    1  1.03836E+14 0.01544 
   16    2    1    1     1     1     8    1    1    1  1.88324E+14 0.01328 
];


DET_PIN_DE = [
 1.10000E-11  6.25000E-07  3.12506E-07
 6.25000E-07  1.96400E+01  9.82000E+00
];
