
DET_FLUX_2G = [
    1    1    1    1     1     1     1    1    1    1  8.54200E+13 0.00174 
    2    2    1    1     1     1     1    1    1    1  6.68582E+14 0.00207 
];


DET_FLUX_2GE = [
 1.10000E-11  6.25000E-07  3.12506E-07
 6.25000E-07  1.96400E+01  9.82000E+00
];

DET_PIN_A = [
    1    1    1    1     1     1     1    1    1    1  6.74932E+14 0.00249 
    2    1    1    1     1     1     2    1    1    1  1.98963E+13 0.00249 
    3    1    1    1     1     1     3    1    1    1  5.92335E+15 0.00325 
    4    1    1    1     1     1     4    1    1    1  3.82407E+15 0.00257 
    5    1    1    1     1     1     5    1    1    1  3.86169E+15 0.00257 
    6    1    1    1     1     1     6    1    1    1  1.94969E+08 0.00250 
    7    1    1    1     1     1     7    1    1    1  1.06439E+16 0.00276 
    8    1    1    1     1     1     8    1    1    1  1.03708E+16 0.00250 
    9    2    1    1     1     1     1    1    1    1  4.94147E+14 0.00500 
   10    2    1    1     1     1     2    1    1    1  7.69605E+13 0.00454 
   11    2    1    1     1     1     3    1    1    1  6.48513E+14 0.00734 
   12    2    1    1     1     1     4    1    1    1  6.42410E+14 0.00945 
   13    2    1    1     1     1     5    1    1    1  1.02730E+15 0.00372 
   14    2    1    1     1     1     6    1    1    1  1.32850E+13 0.00453 
   15    2    1    1     1     1     7    1    1    1  1.10510E+15 0.00485 
   16    2    1    1     1     1     8    1    1    1  1.99613E+15 0.00493 
];


DET_PIN_AE = [
 1.10000E-11  6.25000E-07  3.12506E-07
 6.25000E-07  1.96400E+01  9.82000E+00
];

DET_PIN_B = [
    1    1    1    1     1     1     1    1    1    1  4.20899E+14 0.00326 
    2    1    1    1     1     1     2    1    1    1  1.23647E+13 0.00323 
    3    1    1    1     1     1     3    1    1    1  3.72888E+15 0.00416 
    4    1    1    1     1     1     4    1    1    1  2.38956E+15 0.00335 
    5    1    1    1     1     1     5    1    1    1  2.40538E+15 0.00333 
    6    1    1    1     1     1     6    1    1    1  1.21170E+08 0.00324 
    7    1    1    1     1     1     7    1    1    1  6.68776E+15 0.00359 
    8    1    1    1     1     1     8    1    1    1  6.45895E+15 0.00325 
    9    2    1    1     1     1     1    1    1    1  3.01638E+14 0.00599 
   10    2    1    1     1     1     2    1    1    1  5.27220E+13 0.00549 
   11    2    1    1     1     1     3    1    1    1  3.99498E+14 0.00893 
   12    2    1    1     1     1     4    1    1    1  3.93213E+14 0.01166 
   13    2    1    1     1     1     5    1    1    1  6.23205E+14 0.00428 
   14    2    1    1     1     1     6    1    1    1  7.86079E+12 0.00527 
   15    2    1    1     1     1     7    1    1    1  6.73027E+14 0.00641 
   16    2    1    1     1     1     8    1    1    1  1.21287E+15 0.00587 
];


DET_PIN_BE = [
 1.10000E-11  6.25000E-07  3.12506E-07
 6.25000E-07  1.96400E+01  9.82000E+00
];

DET_PIN_C = [
    1    1    1    1     1     1     1    1    1    1  2.14904E+14 0.00461 
    2    1    1    1     1     1     2    1    1    1  6.31363E+12 0.00454 
    3    1    1    1     1     1     3    1    1    1  1.89626E+15 0.00550 
    4    1    1    1     1     1     4    1    1    1  1.21974E+15 0.00462 
    5    1    1    1     1     1     5    1    1    1  1.22823E+15 0.00469 
    6    1    1    1     1     1     6    1    1    1  6.18737E+07 0.00456 
    7    1    1    1     1     1     7    1    1    1  3.40324E+15 0.00487 
    8    1    1    1     1     1     8    1    1    1  3.29913E+15 0.00450 
    9    2    1    1     1     1     1    1    1    1  1.53564E+14 0.00815 
   10    2    1    1     1     1     2    1    1    1  3.57013E+13 0.00680 
   11    2    1    1     1     1     3    1    1    1  2.00840E+14 0.01268 
   12    2    1    1     1     1     4    1    1    1  1.99560E+14 0.01703 
   13    2    1    1     1     1     5    1    1    1  3.16651E+14 0.00623 
   14    2    1    1     1     1     6    1    1    1  3.82971E+12 0.00644 
   15    2    1    1     1     1     7    1    1    1  3.40922E+14 0.00887 
   16    2    1    1     1     1     8    1    1    1  6.22168E+14 0.00844 
];


DET_PIN_CE = [
 1.10000E-11  6.25000E-07  3.12506E-07
 6.25000E-07  1.96400E+01  9.82000E+00
];

DET_PIN_D = [
    1    1    1    1     1     1     1    1    1    1  7.42126E+13 0.00769 
    2    1    1    1     1     1     2    1    1    1  2.17375E+12 0.00761 
    3    1    1    1     1     1     3    1    1    1  6.41413E+14 0.00830 
    4    1    1    1     1     1     4    1    1    1  4.16777E+14 0.00728 
    5    1    1    1     1     1     5    1    1    1  4.24316E+14 0.00781 
    6    1    1    1     1     1     6    1    1    1  2.13083E+07 0.00763 
    7    1    1    1     1     1     7    1    1    1  1.15650E+15 0.00760 
    8    1    1    1     1     1     8    1    1    1  1.12865E+15 0.00721 
    9    2    1    1     1     1     1    1    1    1  5.26146E+13 0.01307 
   10    2    1    1     1     1     2    1    1    1  2.47970E+13 0.00847 
   11    2    1    1     1     1     3    1    1    1  6.76362E+13 0.01874 
   12    2    1    1     1     1     4    1    1    1  6.56282E+13 0.02604 
   13    2    1    1     1     1     5    1    1    1  1.07092E+14 0.00923 
   14    2    1    1     1     1     6    1    1    1  1.27194E+12 0.01151 
   15    2    1    1     1     1     7    1    1    1  1.14969E+14 0.01364 
   16    2    1    1     1     1     8    1    1    1  2.06758E+14 0.01201 
];


DET_PIN_DE = [
 1.10000E-11  6.25000E-07  3.12506E-07
 6.25000E-07  1.96400E+01  9.82000E+00
];
