
DET_FLUX_2G = [
    1    1    1    1     1     1     1    1    1    1  8.40413E+13 0.00201 
    2    2    1    1     1     1     1    1    1    1  7.61232E+14 0.00228 
];


DET_FLUX_2GE = [
 1.10000E-11  6.25000E-07  3.12506E-07
 6.25000E-07  1.96400E+01  9.82000E+00
];

DET_PIN_A = [
    1    1    1    1     1     1     1    1    1    1  6.57108E+14 0.00290 
    2    1    1    1     1     1     2    1    1    1  1.94488E+13 0.00287 
    3    1    1    1     1     1     3    1    1    1  5.60814E+15 0.00344 
    4    1    1    1     1     1     4    1    1    1  3.65696E+15 0.00282 
    5    1    1    1     1     1     5    1    1    1  3.77230E+15 0.00297 
    6    1    1    1     1     1     6    1    1    1  1.90577E+08 0.00288 
    7    1    1    1     1     1     7    1    1    1  1.01525E+16 0.00300 
    8    1    1    1     1     1     8    1    1    1  9.94994E+15 0.00280 
    9    2    1    1     1     1     1    1    1    1  5.59361E+14 0.00529 
   10    2    1    1     1     1     2    1    1    1  8.77136E+13 0.00491 
   11    2    1    1     1     1     3    1    1    1  7.17210E+14 0.00723 
   12    2    1    1     1     1     4    1    1    1  7.09291E+14 0.00918 
   13    2    1    1     1     1     5    1    1    1  1.14309E+15 0.00411 
   14    2    1    1     1     1     6    1    1    1  1.52326E+13 0.00441 
   15    2    1    1     1     1     7    1    1    1  1.22124E+15 0.00561 
   16    2    1    1     1     1     8    1    1    1  2.21636E+15 0.00487 
];


DET_PIN_AE = [
 1.10000E-11  6.25000E-07  3.12506E-07
 6.25000E-07  1.96400E+01  9.82000E+00
];

DET_PIN_B = [
    1    1    1    1     1     1     1    1    1    1  4.12106E+14 0.00360 
    2    1    1    1     1     1     2    1    1    1  1.21557E+13 0.00358 
    3    1    1    1     1     1     3    1    1    1  3.54309E+15 0.00397 
    4    1    1    1     1     1     4    1    1    1  2.30331E+15 0.00344 
    5    1    1    1     1     1     5    1    1    1  2.36193E+15 0.00369 
    6    1    1    1     1     1     6    1    1    1  1.19121E+08 0.00359 
    7    1    1    1     1     1     7    1    1    1  6.40075E+15 0.00350 
    8    1    1    1     1     1     8    1    1    1  6.25247E+15 0.00342 
    9    2    1    1     1     1     1    1    1    1  3.44450E+14 0.00621 
   10    2    1    1     1     1     2    1    1    1  6.04810E+13 0.00537 
   11    2    1    1     1     1     3    1    1    1  4.39842E+14 0.00862 
   12    2    1    1     1     1     4    1    1    1  4.29841E+14 0.01075 
   13    2    1    1     1     1     5    1    1    1  7.01555E+14 0.00457 
   14    2    1    1     1     1     6    1    1    1  9.00383E+12 0.00534 
   15    2    1    1     1     1     7    1    1    1  7.48325E+14 0.00652 
   16    2    1    1     1     1     8    1    1    1  1.35523E+15 0.00582 
];


DET_PIN_BE = [
 1.10000E-11  6.25000E-07  3.12506E-07
 6.25000E-07  1.96400E+01  9.82000E+00
];

DET_PIN_C = [
    1    1    1    1     1     1     1    1    1    1  2.12477E+14 0.00527 
    2    1    1    1     1     1     2    1    1    1  6.26483E+12 0.00516 
    3    1    1    1     1     1     3    1    1    1  1.83012E+15 0.00606 
    4    1    1    1     1     1     4    1    1    1  1.18866E+15 0.00522 
    5    1    1    1     1     1     5    1    1    1  1.21760E+15 0.00532 
    6    1    1    1     1     1     6    1    1    1  6.13935E+07 0.00517 
    7    1    1    1     1     1     7    1    1    1  3.30482E+15 0.00544 
    8    1    1    1     1     1     8    1    1    1  3.22541E+15 0.00517 
    9    2    1    1     1     1     1    1    1    1  1.73263E+14 0.00829 
   10    2    1    1     1     1     2    1    1    1  4.10994E+13 0.00684 
   11    2    1    1     1     1     3    1    1    1  2.22346E+14 0.01140 
   12    2    1    1     1     1     4    1    1    1  2.13025E+14 0.01495 
   13    2    1    1     1     1     5    1    1    1  3.52179E+14 0.00605 
   14    2    1    1     1     1     6    1    1    1  4.47739E+12 0.00713 
   15    2    1    1     1     1     7    1    1    1  3.76623E+14 0.00793 
   16    2    1    1     1     1     8    1    1    1  6.84183E+14 0.00736 
];


DET_PIN_CE = [
 1.10000E-11  6.25000E-07  3.12506E-07
 6.25000E-07  1.96400E+01  9.82000E+00
];

DET_PIN_D = [
    1    1    1    1     1     1     1    1    1    1  7.14842E+13 0.00774 
    2    1    1    1     1     1     2    1    1    1  2.10049E+12 0.00761 
    3    1    1    1     1     1     3    1    1    1  6.18130E+14 0.00845 
    4    1    1    1     1     1     4    1    1    1  4.00782E+14 0.00760 
    5    1    1    1     1     1     5    1    1    1  4.09076E+14 0.00785 
    6    1    1    1     1     1     6    1    1    1  2.05860E+07 0.00763 
    7    1    1    1     1     1     7    1    1    1  1.11488E+15 0.00777 
    8    1    1    1     1     1     8    1    1    1  1.08525E+15 0.00749 
    9    2    1    1     1     1     1    1    1    1  5.77478E+13 0.01405 
   10    2    1    1     1     1     2    1    1    1  2.77940E+13 0.00947 
   11    2    1    1     1     1     3    1    1    1  7.47298E+13 0.01709 
   12    2    1    1     1     1     4    1    1    1  7.40127E+13 0.02266 
   13    2    1    1     1     1     5    1    1    1  1.17130E+14 0.01040 
   14    2    1    1     1     1     6    1    1    1  1.47627E+12 0.01095 
   15    2    1    1     1     1     7    1    1    1  1.25019E+14 0.01316 
   16    2    1    1     1     1     8    1    1    1  2.33754E+14 0.01114 
];


DET_PIN_DE = [
 1.10000E-11  6.25000E-07  3.12506E-07
 6.25000E-07  1.96400E+01  9.82000E+00
];
