
DET_FLUX_2G = [
    1    1    1    1     1     1     1    1    1    1  8.44689E+13 0.00195 
    2    2    1    1     1     1     1    1    1    1  6.98439E+14 0.00221 
];


DET_FLUX_2GE = [
 1.10000E-11  6.25000E-07  3.12506E-07
 6.25000E-07  1.96400E+01  9.82000E+00
];

DET_PIN_A = [
    1    1    1    1     1     1     1    1    1    1  6.63286E+14 0.00281 
    2    1    1    1     1     1     2    1    1    1  1.95793E+13 0.00277 
    3    1    1    1     1     1     3    1    1    1  5.77389E+15 0.00333 
    4    1    1    1     1     1     4    1    1    1  3.73560E+15 0.00279 
    5    1    1    1     1     1     5    1    1    1  3.79973E+15 0.00288 
    6    1    1    1     1     1     6    1    1    1  1.91857E+08 0.00278 
    7    1    1    1     1     1     7    1    1    1  1.03999E+16 0.00290 
    8    1    1    1     1     1     8    1    1    1  1.01377E+16 0.00276 
    9    2    1    1     1     1     1    1    1    1  5.15298E+14 0.00517 
   10    2    1    1     1     1     2    1    1    1  8.07282E+13 0.00457 
   11    2    1    1     1     1     3    1    1    1  6.75680E+14 0.00728 
   12    2    1    1     1     1     4    1    1    1  6.61839E+14 0.00945 
   13    2    1    1     1     1     5    1    1    1  1.06439E+15 0.00389 
   14    2    1    1     1     1     6    1    1    1  1.38137E+13 0.00453 
   15    2    1    1     1     1     7    1    1    1  1.15585E+15 0.00558 
   16    2    1    1     1     1     8    1    1    1  2.07219E+15 0.00505 
];


DET_PIN_AE = [
 1.10000E-11  6.25000E-07  3.12506E-07
 6.25000E-07  1.96400E+01  9.82000E+00
];

DET_PIN_B = [
    1    1    1    1     1     1     1    1    1    1  4.17820E+14 0.00365 
    2    1    1    1     1     1     2    1    1    1  1.23041E+13 0.00359 
    3    1    1    1     1     1     3    1    1    1  3.62158E+15 0.00394 
    4    1    1    1     1     1     4    1    1    1  2.34492E+15 0.00349 
    5    1    1    1     1     1     5    1    1    1  2.39274E+15 0.00372 
    6    1    1    1     1     1     6    1    1    1  1.20584E+08 0.00361 
    7    1    1    1     1     1     7    1    1    1  6.52905E+15 0.00355 
    8    1    1    1     1     1     8    1    1    1  6.36109E+15 0.00346 
    9    2    1    1     1     1     1    1    1    1  3.14225E+14 0.00653 
   10    2    1    1     1     1     2    1    1    1  5.55713E+13 0.00518 
   11    2    1    1     1     1     3    1    1    1  4.10172E+14 0.00852 
   12    2    1    1     1     1     4    1    1    1  3.93367E+14 0.01115 
   13    2    1    1     1     1     5    1    1    1  6.47258E+14 0.00478 
   14    2    1    1     1     1     6    1    1    1  8.26415E+12 0.00539 
   15    2    1    1     1     1     7    1    1    1  6.95715E+14 0.00631 
   16    2    1    1     1     1     8    1    1    1  1.24991E+15 0.00559 
];


DET_PIN_BE = [
 1.10000E-11  6.25000E-07  3.12506E-07
 6.25000E-07  1.96400E+01  9.82000E+00
];

DET_PIN_C = [
    1    1    1    1     1     1     1    1    1    1  2.14796E+14 0.00482 
    2    1    1    1     1     1     2    1    1    1  6.30956E+12 0.00475 
    3    1    1    1     1     1     3    1    1    1  1.87650E+15 0.00525 
    4    1    1    1     1     1     4    1    1    1  1.21245E+15 0.00469 
    5    1    1    1     1     1     5    1    1    1  1.22831E+15 0.00491 
    6    1    1    1     1     1     6    1    1    1  6.18375E+07 0.00477 
    7    1    1    1     1     1     7    1    1    1  3.37575E+15 0.00475 
    8    1    1    1     1     1     8    1    1    1  3.28189E+15 0.00465 
    9    2    1    1     1     1     1    1    1    1  1.58981E+14 0.00863 
   10    2    1    1     1     1     2    1    1    1  3.72400E+13 0.00744 
   11    2    1    1     1     1     3    1    1    1  2.07343E+14 0.01126 
   12    2    1    1     1     1     4    1    1    1  2.03107E+14 0.01439 
   13    2    1    1     1     1     5    1    1    1  3.25298E+14 0.00623 
   14    2    1    1     1     1     6    1    1    1  4.07113E+12 0.00678 
   15    2    1    1     1     1     7    1    1    1  3.46352E+14 0.00842 
   16    2    1    1     1     1     8    1    1    1  6.38756E+14 0.00697 
];


DET_PIN_CE = [
 1.10000E-11  6.25000E-07  3.12506E-07
 6.25000E-07  1.96400E+01  9.82000E+00
];

DET_PIN_D = [
    1    1    1    1     1     1     1    1    1    1  7.25459E+13 0.00737 
    2    1    1    1     1     1     2    1    1    1  2.12734E+12 0.00726 
    3    1    1    1     1     1     3    1    1    1  6.36348E+14 0.00787 
    4    1    1    1     1     1     4    1    1    1  4.09124E+14 0.00710 
    5    1    1    1     1     1     5    1    1    1  4.14642E+14 0.00749 
    6    1    1    1     1     1     6    1    1    1  2.08490E+07 0.00728 
    7    1    1    1     1     1     7    1    1    1  1.14405E+15 0.00723 
    8    1    1    1     1     1     8    1    1    1  1.10461E+15 0.00705 
    9    2    1    1     1     1     1    1    1    1  5.41777E+13 0.01320 
   10    2    1    1     1     1     2    1    1    1  2.53313E+13 0.00887 
   11    2    1    1     1     1     3    1    1    1  6.91431E+13 0.01836 
   12    2    1    1     1     1     4    1    1    1  7.25431E+13 0.02429 
   13    2    1    1     1     1     5    1    1    1  1.09687E+14 0.00922 
   14    2    1    1     1     1     6    1    1    1  1.35452E+12 0.01066 
   15    2    1    1     1     1     7    1    1    1  1.17760E+14 0.01346 
   16    2    1    1     1     1     8    1    1    1  2.21085E+14 0.01201 
];


DET_PIN_DE = [
 1.10000E-11  6.25000E-07  3.12506E-07
 6.25000E-07  1.96400E+01  9.82000E+00
];
