
DET_FLUX_2G = [
    1    1    1    1     1     1     1    1    1    1  9.87522E+13 0.00149 
    2    2    1    1     1     1     1    1    1    1  5.61230E+14 0.00212 
];


DET_FLUX_2GE = [
 1.10000E-11  6.25000E-07  3.12506E-07
 6.25000E-07  1.96400E+01  9.82000E+00
];

DET_PIN_A = [
    1    1    1    1     1     1     1    1    1    1  7.97042E+14 0.00200 
    2    1    1    1     1     1     2    1    1    1  2.32320E+13 0.00199 
    3    1    1    1     1     1     3    1    1    1  7.59879E+15 0.00367 
    4    1    1    1     1     1     4    1    1    1  4.71391E+15 0.00247 
    5    1    1    1     1     1     5    1    1    1  4.52372E+15 0.00204 
    6    1    1    1     1     1     6    1    1    1  2.27655E+08 0.00199 
    7    1    1    1     1     1     7    1    1    1  1.33954E+16 0.00313 
    8    1    1    1     1     1     8    1    1    1  1.26358E+16 0.00225 
    9    2    1    1     1     1     1    1    1    1  4.14074E+14 0.00494 
   10    2    1    1     1     1     2    1    1    1  6.49422E+13 0.00460 
   11    2    1    1     1     1     3    1    1    1  5.78982E+14 0.00813 
   12    2    1    1     1     1     4    1    1    1  5.56437E+14 0.00967 
   13    2    1    1     1     1     5    1    1    1  8.84742E+14 0.00378 
   14    2    1    1     1     1     6    1    1    1  1.08820E+13 0.00467 
   15    2    1    1     1     1     7    1    1    1  9.82880E+14 0.00599 
   16    2    1    1     1     1     8    1    1    1  1.73524E+15 0.00540 
];


DET_PIN_AE = [
 1.10000E-11  6.25000E-07  3.12506E-07
 6.25000E-07  1.96400E+01  9.82000E+00
];

DET_PIN_B = [
    1    1    1    1     1     1     1    1    1    1  5.01592E+14 0.00271 
    2    1    1    1     1     1     2    1    1    1  1.45858E+13 0.00268 
    3    1    1    1     1     1     3    1    1    1  4.69689E+15 0.00450 
    4    1    1    1     1     1     4    1    1    1  2.94110E+15 0.00328 
    5    1    1    1     1     1     5    1    1    1  2.84789E+15 0.00272 
    6    1    1    1     1     1     6    1    1    1  1.42963E+08 0.00269 
    7    1    1    1     1     1     7    1    1    1  8.30955E+15 0.00387 
    8    1    1    1     1     1     8    1    1    1  7.89357E+15 0.00305 
    9    2    1    1     1     1     1    1    1    1  2.51653E+14 0.00563 
   10    2    1    1     1     1     2    1    1    1  4.45006E+13 0.00535 
   11    2    1    1     1     1     3    1    1    1  3.45644E+14 0.00946 
   12    2    1    1     1     1     4    1    1    1  3.30033E+14 0.01156 
   13    2    1    1     1     1     5    1    1    1  5.35873E+14 0.00434 
   14    2    1    1     1     1     6    1    1    1  6.42825E+12 0.00534 
   15    2    1    1     1     1     7    1    1    1  5.86782E+14 0.00705 
   16    2    1    1     1     1     8    1    1    1  1.04237E+15 0.00625 
];


DET_PIN_BE = [
 1.10000E-11  6.25000E-07  3.12506E-07
 6.25000E-07  1.96400E+01  9.82000E+00
];

DET_PIN_C = [
    1    1    1    1     1     1     1    1    1    1  2.56044E+14 0.00404 
    2    1    1    1     1     1     2    1    1    1  7.44640E+12 0.00394 
    3    1    1    1     1     1     3    1    1    1  2.35104E+15 0.00604 
    4    1    1    1     1     1     4    1    1    1  1.48855E+15 0.00471 
    5    1    1    1     1     1     5    1    1    1  1.45484E+15 0.00403 
    6    1    1    1     1     1     6    1    1    1  7.29917E+07 0.00394 
    7    1    1    1     1     1     7    1    1    1  4.17637E+15 0.00528 
    8    1    1    1     1     1     8    1    1    1  4.00104E+15 0.00445 
    9    2    1    1     1     1     1    1    1    1  1.28752E+14 0.00773 
   10    2    1    1     1     1     2    1    1    1  3.03120E+13 0.00659 
   11    2    1    1     1     1     3    1    1    1  1.78341E+14 0.01291 
   12    2    1    1     1     1     4    1    1    1  1.72661E+14 0.01703 
   13    2    1    1     1     1     5    1    1    1  2.69340E+14 0.00565 
   14    2    1    1     1     1     6    1    1    1  3.20359E+12 0.00713 
   15    2    1    1     1     1     7    1    1    1  2.97870E+14 0.00907 
   16    2    1    1     1     1     8    1    1    1  5.35585E+14 0.00849 
];


DET_PIN_CE = [
 1.10000E-11  6.25000E-07  3.12506E-07
 6.25000E-07  1.96400E+01  9.82000E+00
];

DET_PIN_D = [
    1    1    1    1     1     1     1    1    1    1  8.68201E+13 0.00706 
    2    1    1    1     1     1     2    1    1    1  2.52335E+12 0.00690 
    3    1    1    1     1     1     3    1    1    1  7.99259E+14 0.01065 
    4    1    1    1     1     1     4    1    1    1  5.05361E+14 0.00812 
    5    1    1    1     1     1     5    1    1    1  4.93317E+14 0.00705 
    6    1    1    1     1     1     6    1    1    1  2.47361E+07 0.00691 
    7    1    1    1     1     1     7    1    1    1  1.41902E+15 0.00931 
    8    1    1    1     1     1     8    1    1    1  1.35883E+15 0.00759 
    9    2    1    1     1     1     1    1    1    1  4.24878E+13 0.01273 
   10    2    1    1     1     1     2    1    1    1  2.05160E+13 0.00925 
   11    2    1    1     1     1     3    1    1    1  5.85859E+13 0.02146 
   12    2    1    1     1     1     4    1    1    1  5.57760E+13 0.02833 
   13    2    1    1     1     1     5    1    1    1  8.97106E+13 0.00932 
   14    2    1    1     1     1     6    1    1    1  1.05978E+12 0.01171 
   15    2    1    1     1     1     7    1    1    1  9.90887E+13 0.01531 
   16    2    1    1     1     1     8    1    1    1  1.77423E+14 0.01426 
];


DET_PIN_DE = [
 1.10000E-11  6.25000E-07  3.12506E-07
 6.25000E-07  1.96400E+01  9.82000E+00
];
