
DET_FLUX_2G = [
    1    1    1    1     1     1     1    1    1    1  9.87189E+13 0.00147 
    2    2    1    1     1     1     1    1    1    1  5.55125E+14 0.00215 
];


DET_FLUX_2GE = [
 1.10000E-11  6.25000E-07  3.12506E-07
 6.25000E-07  1.96400E+01  9.82000E+00
];

DET_PIN_A = [
    1    1    1    1     1     1     1    1    1    1  8.04450E+14 0.00204 
    2    1    1    1     1     1     2    1    1    1  2.34488E+13 0.00200 
    3    1    1    1     1     1     3    1    1    1  7.61183E+15 0.00384 
    4    1    1    1     1     1     4    1    1    1  4.74120E+15 0.00260 
    5    1    1    1     1     1     5    1    1    1  4.56768E+15 0.00206 
    6    1    1    1     1     1     6    1    1    1  2.29801E+08 0.00200 
    7    1    1    1     1     1     7    1    1    1  1.34380E+16 0.00328 
    8    1    1    1     1     1     8    1    1    1  1.27300E+16 0.00234 
    9    2    1    1     1     1     1    1    1    1  4.07838E+14 0.00467 
   10    2    1    1     1     1     2    1    1    1  6.38597E+13 0.00468 
   11    2    1    1     1     1     3    1    1    1  5.72087E+14 0.00808 
   12    2    1    1     1     1     4    1    1    1  5.40956E+14 0.00990 
   13    2    1    1     1     1     5    1    1    1  8.72323E+14 0.00355 
   14    2    1    1     1     1     6    1    1    1  1.08005E+13 0.00466 
   15    2    1    1     1     1     7    1    1    1  9.67243E+14 0.00590 
   16    2    1    1     1     1     8    1    1    1  1.70211E+15 0.00532 
];


DET_PIN_AE = [
 1.10000E-11  6.25000E-07  3.12506E-07
 6.25000E-07  1.96400E+01  9.82000E+00
];

DET_PIN_B = [
    1    1    1    1     1     1     1    1    1    1  5.00160E+14 0.00296 
    2    1    1    1     1     1     2    1    1    1  1.45623E+13 0.00286 
    3    1    1    1     1     1     3    1    1    1  4.68415E+15 0.00485 
    4    1    1    1     1     1     4    1    1    1  2.93020E+15 0.00361 
    5    1    1    1     1     1     5    1    1    1  2.84125E+15 0.00293 
    6    1    1    1     1     1     6    1    1    1  1.42730E+08 0.00287 
    7    1    1    1     1     1     7    1    1    1  8.28792E+15 0.00421 
    8    1    1    1     1     1     8    1    1    1  7.87231E+15 0.00335 
    9    2    1    1     1     1     1    1    1    1  2.49264E+14 0.00545 
   10    2    1    1     1     1     2    1    1    1  4.41796E+13 0.00513 
   11    2    1    1     1     1     3    1    1    1  3.45834E+14 0.00986 
   12    2    1    1     1     1     4    1    1    1  3.28511E+14 0.01203 
   13    2    1    1     1     1     5    1    1    1  5.28672E+14 0.00417 
   14    2    1    1     1     1     6    1    1    1  6.37543E+12 0.00527 
   15    2    1    1     1     1     7    1    1    1  5.88120E+14 0.00726 
   16    2    1    1     1     1     8    1    1    1  1.02840E+15 0.00621 
];


DET_PIN_BE = [
 1.10000E-11  6.25000E-07  3.12506E-07
 6.25000E-07  1.96400E+01  9.82000E+00
];

DET_PIN_C = [
    1    1    1    1     1     1     1    1    1    1  2.54831E+14 0.00402 
    2    1    1    1     1     1     2    1    1    1  7.41592E+12 0.00393 
    3    1    1    1     1     1     3    1    1    1  2.34359E+15 0.00614 
    4    1    1    1     1     1     4    1    1    1  1.48100E+15 0.00473 
    5    1    1    1     1     1     5    1    1    1  1.44847E+15 0.00402 
    6    1    1    1     1     1     6    1    1    1  7.26939E+07 0.00394 
    7    1    1    1     1     1     7    1    1    1  4.16238E+15 0.00535 
    8    1    1    1     1     1     8    1    1    1  3.98447E+15 0.00444 
    9    2    1    1     1     1     1    1    1    1  1.28615E+14 0.00775 
   10    2    1    1     1     1     2    1    1    1  2.96626E+13 0.00688 
   11    2    1    1     1     1     3    1    1    1  1.77679E+14 0.01312 
   12    2    1    1     1     1     4    1    1    1  1.70099E+14 0.01667 
   13    2    1    1     1     1     5    1    1    1  2.70651E+14 0.00559 
   14    2    1    1     1     1     6    1    1    1  3.14621E+12 0.00707 
   15    2    1    1     1     1     7    1    1    1  2.97675E+14 0.01006 
   16    2    1    1     1     1     8    1    1    1  5.30008E+14 0.00827 
];


DET_PIN_CE = [
 1.10000E-11  6.25000E-07  3.12506E-07
 6.25000E-07  1.96400E+01  9.82000E+00
];

DET_PIN_D = [
    1    1    1    1     1     1     1    1    1    1  8.69111E+13 0.00768 
    2    1    1    1     1     1     2    1    1    1  2.53127E+12 0.00750 
    3    1    1    1     1     1     3    1    1    1  7.84098E+14 0.01103 
    4    1    1    1     1     1     4    1    1    1  4.99935E+14 0.00842 
    5    1    1    1     1     1     5    1    1    1  4.94722E+14 0.00772 
    6    1    1    1     1     1     6    1    1    1  2.48163E+07 0.00752 
    7    1    1    1     1     1     7    1    1    1  1.39856E+15 0.00973 
    8    1    1    1     1     1     8    1    1    1  1.34921E+15 0.00788 
    9    2    1    1     1     1     1    1    1    1  4.31600E+13 0.01295 
   10    2    1    1     1     1     2    1    1    1  1.98968E+13 0.00908 
   11    2    1    1     1     1     3    1    1    1  5.63823E+13 0.02301 
   12    2    1    1     1     1     4    1    1    1  5.50981E+13 0.02757 
   13    2    1    1     1     1     5    1    1    1  9.09678E+13 0.00947 
   14    2    1    1     1     1     6    1    1    1  1.04535E+12 0.01111 
   15    2    1    1     1     1     7    1    1    1  9.67886E+13 0.01634 
   16    2    1    1     1     1     8    1    1    1  1.75365E+14 0.01361 
];


DET_PIN_DE = [
 1.10000E-11  6.25000E-07  3.12506E-07
 6.25000E-07  1.96400E+01  9.82000E+00
];
