
DET_FLUX_2G = [
    1    1    1    1     1     1     1    1    1    1  8.46267E+13 0.00199 
    2    2    1    1     1     1     1    1    1    1  7.06591E+14 0.00227 
];


DET_FLUX_2GE = [
 1.10000E-11  6.25000E-07  3.12506E-07
 6.25000E-07  1.96400E+01  9.82000E+00
];

DET_PIN_A = [
    1    1    1    1     1     1     1    1    1    1  6.66162E+14 0.00263 
    2    1    1    1     1     1     2    1    1    1  1.96818E+13 0.00259 
    3    1    1    1     1     1     3    1    1    1  5.77115E+15 0.00309 
    4    1    1    1     1     1     4    1    1    1  3.74384E+15 0.00256 
    5    1    1    1     1     1     5    1    1    1  3.81829E+15 0.00270 
    6    1    1    1     1     1     6    1    1    1  1.92864E+08 0.00260 
    7    1    1    1     1     1     7    1    1    1  1.04063E+16 0.00265 
    8    1    1    1     1     1     8    1    1    1  1.01720E+16 0.00253 
    9    2    1    1     1     1     1    1    1    1  5.18140E+14 0.00507 
   10    2    1    1     1     1     2    1    1    1  8.09010E+13 0.00432 
   11    2    1    1     1     1     3    1    1    1  6.66219E+14 0.00714 
   12    2    1    1     1     1     4    1    1    1  6.54527E+14 0.01019 
   13    2    1    1     1     1     5    1    1    1  1.06596E+15 0.00395 
   14    2    1    1     1     1     6    1    1    1  1.39369E+13 0.00448 
   15    2    1    1     1     1     7    1    1    1  1.14510E+15 0.00536 
   16    2    1    1     1     1     8    1    1    1  2.05407E+15 0.00515 
];


DET_PIN_AE = [
 1.10000E-11  6.25000E-07  3.12506E-07
 6.25000E-07  1.96400E+01  9.82000E+00
];

DET_PIN_B = [
    1    1    1    1     1     1     1    1    1    1  4.17356E+14 0.00352 
    2    1    1    1     1     1     2    1    1    1  1.22924E+13 0.00344 
    3    1    1    1     1     1     3    1    1    1  3.64300E+15 0.00421 
    4    1    1    1     1     1     4    1    1    1  2.35275E+15 0.00346 
    5    1    1    1     1     1     5    1    1    1  2.38904E+15 0.00359 
    6    1    1    1     1     1     6    1    1    1  1.20461E+08 0.00346 
    7    1    1    1     1     1     7    1    1    1  6.55708E+15 0.00370 
    8    1    1    1     1     1     8    1    1    1  6.37587E+15 0.00338 
    9    2    1    1     1     1     1    1    1    1  3.20712E+14 0.00656 
   10    2    1    1     1     1     2    1    1    1  5.57036E+13 0.00547 
   11    2    1    1     1     1     3    1    1    1  4.10190E+14 0.00881 
   12    2    1    1     1     1     4    1    1    1  4.01745E+14 0.01122 
   13    2    1    1     1     1     5    1    1    1  6.54522E+14 0.00475 
   14    2    1    1     1     1     6    1    1    1  8.32223E+12 0.00497 
   15    2    1    1     1     1     7    1    1    1  6.96436E+14 0.00655 
   16    2    1    1     1     1     8    1    1    1  1.26542E+15 0.00595 
];


DET_PIN_BE = [
 1.10000E-11  6.25000E-07  3.12506E-07
 6.25000E-07  1.96400E+01  9.82000E+00
];

DET_PIN_C = [
    1    1    1    1     1     1     1    1    1    1  2.12766E+14 0.00480 
    2    1    1    1     1     1     2    1    1    1  6.25408E+12 0.00473 
    3    1    1    1     1     1     3    1    1    1  1.85063E+15 0.00510 
    4    1    1    1     1     1     4    1    1    1  1.19643E+15 0.00444 
    5    1    1    1     1     1     5    1    1    1  1.21729E+15 0.00490 
    6    1    1    1     1     1     6    1    1    1  6.12938E+07 0.00475 
    7    1    1    1     1     1     7    1    1    1  3.33329E+15 0.00460 
    8    1    1    1     1     1     8    1    1    1  3.24089E+15 0.00443 
    9    2    1    1     1     1     1    1    1    1  1.62059E+14 0.00829 
   10    2    1    1     1     1     2    1    1    1  3.79889E+13 0.00702 
   11    2    1    1     1     1     3    1    1    1  2.10087E+14 0.01151 
   12    2    1    1     1     1     4    1    1    1  2.02707E+14 0.01482 
   13    2    1    1     1     1     5    1    1    1  3.30570E+14 0.00626 
   14    2    1    1     1     1     6    1    1    1  4.15484E+12 0.00659 
   15    2    1    1     1     1     7    1    1    1  3.52953E+14 0.00856 
   16    2    1    1     1     1     8    1    1    1  6.44637E+14 0.00750 
];


DET_PIN_CE = [
 1.10000E-11  6.25000E-07  3.12506E-07
 6.25000E-07  1.96400E+01  9.82000E+00
];

DET_PIN_D = [
    1    1    1    1     1     1     1    1    1    1  7.17390E+13 0.00786 
    2    1    1    1     1     1     2    1    1    1  2.10925E+12 0.00784 
    3    1    1    1     1     1     3    1    1    1  6.18715E+14 0.00832 
    4    1    1    1     1     1     4    1    1    1  4.01057E+14 0.00730 
    5    1    1    1     1     1     5    1    1    1  4.10843E+14 0.00803 
    6    1    1    1     1     1     6    1    1    1  2.06722E+07 0.00786 
    7    1    1    1     1     1     7    1    1    1  1.11698E+15 0.00767 
    8    1    1    1     1     1     8    1    1    1  1.08657E+15 0.00729 
    9    2    1    1     1     1     1    1    1    1  5.51057E+13 0.01391 
   10    2    1    1     1     1     2    1    1    1  2.58892E+13 0.01011 
   11    2    1    1     1     1     3    1    1    1  7.18599E+13 0.01753 
   12    2    1    1     1     1     4    1    1    1  6.98860E+13 0.02366 
   13    2    1    1     1     1     5    1    1    1  1.12550E+14 0.01079 
   14    2    1    1     1     1     6    1    1    1  1.36943E+12 0.01172 
   15    2    1    1     1     1     7    1    1    1  1.20695E+14 0.01271 
   16    2    1    1     1     1     8    1    1    1  2.21052E+14 0.01160 
];


DET_PIN_DE = [
 1.10000E-11  6.25000E-07  3.12506E-07
 6.25000E-07  1.96400E+01  9.82000E+00
];
