
DET_FLUX_2G = [
    1    1    1    1     1     1     1    1    1    1  8.49342E+13 0.00185 
    2    2    1    1     1     1     1    1    1    1  6.85788E+14 0.00219 
];


DET_FLUX_2GE = [
 1.10000E-11  6.25000E-07  3.12506E-07
 6.25000E-07  1.96400E+01  9.82000E+00
];

DET_PIN_A = [
    1    1    1    1     1     1     1    1    1    1  6.67654E+14 0.00257 
    2    1    1    1     1     1     2    1    1    1  1.97032E+13 0.00255 
    3    1    1    1     1     1     3    1    1    1  5.84115E+15 0.00317 
    4    1    1    1     1     1     4    1    1    1  3.77016E+15 0.00256 
    5    1    1    1     1     1     5    1    1    1  3.82316E+15 0.00264 
    6    1    1    1     1     1     6    1    1    1  1.93070E+08 0.00256 
    7    1    1    1     1     1     7    1    1    1  1.05078E+16 0.00271 
    8    1    1    1     1     1     8    1    1    1  1.02267E+16 0.00252 
    9    2    1    1     1     1     1    1    1    1  5.05322E+14 0.00526 
   10    2    1    1     1     1     2    1    1    1  7.90507E+13 0.00475 
   11    2    1    1     1     1     3    1    1    1  6.65663E+14 0.00696 
   12    2    1    1     1     1     4    1    1    1  6.50279E+14 0.01015 
   13    2    1    1     1     1     5    1    1    1  1.04458E+15 0.00407 
   14    2    1    1     1     1     6    1    1    1  1.35541E+13 0.00461 
   15    2    1    1     1     1     7    1    1    1  1.13654E+15 0.00501 
   16    2    1    1     1     1     8    1    1    1  2.03228E+15 0.00523 
];


DET_PIN_AE = [
 1.10000E-11  6.25000E-07  3.12506E-07
 6.25000E-07  1.96400E+01  9.82000E+00
];

DET_PIN_B = [
    1    1    1    1     1     1     1    1    1    1  4.17108E+14 0.00337 
    2    1    1    1     1     1     2    1    1    1  1.22730E+13 0.00329 
    3    1    1    1     1     1     3    1    1    1  3.65311E+15 0.00430 
    4    1    1    1     1     1     4    1    1    1  2.35773E+15 0.00344 
    5    1    1    1     1     1     5    1    1    1  2.38622E+15 0.00342 
    6    1    1    1     1     1     6    1    1    1  1.20274E+08 0.00331 
    7    1    1    1     1     1     7    1    1    1  6.56868E+15 0.00371 
    8    1    1    1     1     1     8    1    1    1  6.38664E+15 0.00334 
    9    2    1    1     1     1     1    1    1    1  3.05797E+14 0.00587 
   10    2    1    1     1     1     2    1    1    1  5.46923E+13 0.00541 
   11    2    1    1     1     1     3    1    1    1  4.02881E+14 0.00866 
   12    2    1    1     1     1     4    1    1    1  3.94047E+14 0.01174 
   13    2    1    1     1     1     5    1    1    1  6.34146E+14 0.00468 
   14    2    1    1     1     1     6    1    1    1  8.07916E+12 0.00528 
   15    2    1    1     1     1     7    1    1    1  6.82100E+14 0.00655 
   16    2    1    1     1     1     8    1    1    1  1.23862E+15 0.00596 
];


DET_PIN_BE = [
 1.10000E-11  6.25000E-07  3.12506E-07
 6.25000E-07  1.96400E+01  9.82000E+00
];

DET_PIN_C = [
    1    1    1    1     1     1     1    1    1    1  2.15421E+14 0.00463 
    2    1    1    1     1     1     2    1    1    1  6.33462E+12 0.00456 
    3    1    1    1     1     1     3    1    1    1  1.87630E+15 0.00536 
    4    1    1    1     1     1     4    1    1    1  1.21365E+15 0.00463 
    5    1    1    1     1     1     5    1    1    1  1.23255E+15 0.00471 
    6    1    1    1     1     1     6    1    1    1  6.20808E+07 0.00457 
    7    1    1    1     1     1     7    1    1    1  3.37818E+15 0.00475 
    8    1    1    1     1     1     8    1    1    1  3.28750E+15 0.00454 
    9    2    1    1     1     1     1    1    1    1  1.55050E+14 0.00781 
   10    2    1    1     1     1     2    1    1    1  3.70707E+13 0.00684 
   11    2    1    1     1     1     3    1    1    1  2.02234E+14 0.01158 
   12    2    1    1     1     1     4    1    1    1  1.97390E+14 0.01588 
   13    2    1    1     1     1     5    1    1    1  3.18072E+14 0.00582 
   14    2    1    1     1     1     6    1    1    1  4.03159E+12 0.00674 
   15    2    1    1     1     1     7    1    1    1  3.41600E+14 0.00839 
   16    2    1    1     1     1     8    1    1    1  6.28789E+14 0.00796 
];


DET_PIN_CE = [
 1.10000E-11  6.25000E-07  3.12506E-07
 6.25000E-07  1.96400E+01  9.82000E+00
];

DET_PIN_D = [
    1    1    1    1     1     1     1    1    1    1  7.40778E+13 0.00794 
    2    1    1    1     1     1     2    1    1    1  2.16611E+12 0.00791 
    3    1    1    1     1     1     3    1    1    1  6.51367E+14 0.00823 
    4    1    1    1     1     1     4    1    1    1  4.20167E+14 0.00767 
    5    1    1    1     1     1     5    1    1    1  4.22748E+14 0.00811 
    6    1    1    1     1     1     6    1    1    1  2.12315E+07 0.00793 
    7    1    1    1     1     1     7    1    1    1  1.16946E+15 0.00750 
    8    1    1    1     1     1     8    1    1    1  1.13416E+15 0.00770 
    9    2    1    1     1     1     1    1    1    1  5.41217E+13 0.01351 
   10    2    1    1     1     1     2    1    1    1  2.54754E+13 0.00905 
   11    2    1    1     1     1     3    1    1    1  6.77279E+13 0.01754 
   12    2    1    1     1     1     4    1    1    1  6.68256E+13 0.02404 
   13    2    1    1     1     1     5    1    1    1  1.08410E+14 0.00987 
   14    2    1    1     1     1     6    1    1    1  1.33153E+12 0.01125 
   15    2    1    1     1     1     7    1    1    1  1.15367E+14 0.01247 
   16    2    1    1     1     1     8    1    1    1  2.11040E+14 0.01203 
];


DET_PIN_DE = [
 1.10000E-11  6.25000E-07  3.12506E-07
 6.25000E-07  1.96400E+01  9.82000E+00
];
