
DET_FLUX_2G = [
    1    1    1    1     1     1     1    1    1    1  8.39635E+13 0.00214 
    2    2    1    1     1     1     1    1    1    1  8.22937E+14 0.00228 
];


DET_FLUX_2GE = [
 1.10000E-11  6.25000E-07  3.12506E-07
 6.25000E-07  1.96400E+01  9.82000E+00
];

DET_PIN_A = [
    1    1    1    1     1     1     1    1    1    1  6.55317E+14 0.00316 
    2    1    1    1     1     1     2    1    1    1  1.94362E+13 0.00315 
    3    1    1    1     1     1     3    1    1    1  5.52677E+15 0.00318 
    4    1    1    1     1     1     4    1    1    1  3.62526E+15 0.00278 
    5    1    1    1     1     1     5    1    1    1  3.76694E+15 0.00327 
    6    1    1    1     1     1     6    1    1    1  1.90449E+08 0.00316 
    7    1    1    1     1     1     7    1    1    1  1.00354E+16 0.00281 
    8    1    1    1     1     1     8    1    1    1  9.88166E+15 0.00287 
    9    2    1    1     1     1     1    1    1    1  6.01211E+14 0.00573 
   10    2    1    1     1     1     2    1    1    1  9.44723E+13 0.00482 
   11    2    1    1     1     1     3    1    1    1  7.56484E+14 0.00718 
   12    2    1    1     1     1     4    1    1    1  7.49118E+14 0.00911 
   13    2    1    1     1     1     5    1    1    1  1.22594E+15 0.00438 
   14    2    1    1     1     1     6    1    1    1  1.64227E+13 0.00464 
   15    2    1    1     1     1     7    1    1    1  1.29906E+15 0.00538 
   16    2    1    1     1     1     8    1    1    1  2.35850E+15 0.00485 
];


DET_PIN_AE = [
 1.10000E-11  6.25000E-07  3.12506E-07
 6.25000E-07  1.96400E+01  9.82000E+00
];

DET_PIN_B = [
    1    1    1    1     1     1     1    1    1    1  4.13488E+14 0.00406 
    2    1    1    1     1     1     2    1    1    1  1.22105E+13 0.00400 
    3    1    1    1     1     1     3    1    1    1  3.49455E+15 0.00395 
    4    1    1    1     1     1     4    1    1    1  2.28946E+15 0.00358 
    5    1    1    1     1     1     5    1    1    1  2.37276E+15 0.00417 
    6    1    1    1     1     1     6    1    1    1  1.19662E+08 0.00402 
    7    1    1    1     1     1     7    1    1    1  6.33962E+15 0.00357 
    8    1    1    1     1     1     8    1    1    1  6.22491E+15 0.00360 
    9    2    1    1     1     1     1    1    1    1  3.70676E+14 0.00654 
   10    2    1    1     1     1     2    1    1    1  6.54548E+13 0.00552 
   11    2    1    1     1     1     3    1    1    1  4.64414E+14 0.00835 
   12    2    1    1     1     1     4    1    1    1  4.58720E+14 0.01081 
   13    2    1    1     1     1     5    1    1    1  7.50728E+14 0.00486 
   14    2    1    1     1     1     6    1    1    1  9.83638E+12 0.00542 
   15    2    1    1     1     1     7    1    1    1  7.97291E+14 0.00605 
   16    2    1    1     1     1     8    1    1    1  1.44633E+15 0.00554 
];


DET_PIN_BE = [
 1.10000E-11  6.25000E-07  3.12506E-07
 6.25000E-07  1.96400E+01  9.82000E+00
];

DET_PIN_C = [
    1    1    1    1     1     1     1    1    1    1  2.11481E+14 0.00513 
    2    1    1    1     1     1     2    1    1    1  6.23966E+12 0.00505 
    3    1    1    1     1     1     3    1    1    1  1.79835E+15 0.00564 
    4    1    1    1     1     1     4    1    1    1  1.17126E+15 0.00491 
    5    1    1    1     1     1     5    1    1    1  1.21336E+15 0.00522 
    6    1    1    1     1     1     6    1    1    1  6.11483E+07 0.00507 
    7    1    1    1     1     1     7    1    1    1  3.25893E+15 0.00513 
    8    1    1    1     1     1     8    1    1    1  3.18136E+15 0.00486 
    9    2    1    1     1     1     1    1    1    1  1.86131E+14 0.00880 
   10    2    1    1     1     1     2    1    1    1  4.50523E+13 0.00699 
   11    2    1    1     1     1     3    1    1    1  2.36502E+14 0.01035 
   12    2    1    1     1     1     4    1    1    1  2.31644E+14 0.01395 
   13    2    1    1     1     1     5    1    1    1  3.78086E+14 0.00667 
   14    2    1    1     1     1     6    1    1    1  4.85435E+12 0.00715 
   15    2    1    1     1     1     7    1    1    1  4.01786E+14 0.00803 
   16    2    1    1     1     1     8    1    1    1  7.34272E+14 0.00708 
];


DET_PIN_CE = [
 1.10000E-11  6.25000E-07  3.12506E-07
 6.25000E-07  1.96400E+01  9.82000E+00
];

DET_PIN_D = [
    1    1    1    1     1     1     1    1    1    1  7.13537E+13 0.00741 
    2    1    1    1     1     1     2    1    1    1  2.10041E+12 0.00727 
    3    1    1    1     1     1     3    1    1    1  6.15576E+14 0.00848 
    4    1    1    1     1     1     4    1    1    1  3.97990E+14 0.00734 
    5    1    1    1     1     1     5    1    1    1  4.08898E+14 0.00752 
    6    1    1    1     1     1     6    1    1    1  2.05842E+07 0.00729 
    7    1    1    1     1     1     7    1    1    1  1.11172E+15 0.00766 
    8    1    1    1     1     1     8    1    1    1  1.07811E+15 0.00719 
    9    2    1    1     1     1     1    1    1    1  6.25214E+13 0.01360 
   10    2    1    1     1     1     2    1    1    1  3.07249E+13 0.00933 
   11    2    1    1     1     1     3    1    1    1  8.18488E+13 0.01687 
   12    2    1    1     1     1     4    1    1    1  7.61564E+13 0.02008 
   13    2    1    1     1     1     5    1    1    1  1.26281E+14 0.01013 
   14    2    1    1     1     1     6    1    1    1  1.60701E+12 0.01112 
   15    2    1    1     1     1     7    1    1    1  1.38376E+14 0.01247 
   16    2    1    1     1     1     8    1    1    1  2.46164E+14 0.01049 
];


DET_PIN_DE = [
 1.10000E-11  6.25000E-07  3.12506E-07
 6.25000E-07  1.96400E+01  9.82000E+00
];
